pc,instr,gpr,csr,binary,mode,instr_str,operand,pad
80000000,csrrs,t0:00000000,,f14022f3,,"csrrs	x5,mhartid,x0","t0,mhartid,zero",
80000004,addi,t1:00000000,,00000313,,"addi	x6,x0,0","t1,zero,0",
8000000c,auipc,a7:8000000c,,00000897,,"auipc	x17,0x0","a7,0x0",
80000010,addi,a7:80000018,,00c88893,,"addi	x17,x17,12","a7,a7,12",
80000018,lui,sp:40000000,,40000137,,"lui	x2,0x40000","sp,0x40000",
8000001c,addi,sp:40000100,,10010113,,"addi	x2,x2,256","sp,sp,256",
80000024,auipc,t5:80029024,,00029f17,,"auipc	x30,0x29","t5,0x29",
80000028,addi,t5:80028ce4,,cc0f0f13,,"addi	x30,x30,-832","t5,t5,-832",
8000002c,auipc,sp:8000e02c,,0000e117,,"auipc	x2,0xe","sp,0xe",
80000030,addi,sp:8000dc10,,be410113,,"addi	x2,x2,-1052","sp,sp,-1052",
80000034,ori,sp:8000dc10,,00016113,,"ori	x2,x2,0","sp,sp,0",
8000003c,auipc,sp:8000003c,,00000117,,"auipc	x2,0x0","sp,0x0",
80000040,addi,sp:80000064,,02810113,,"addi	x2,x2,40","sp,sp,40",
8000004c,lui,sp:00002000,,00002137,,"lui	x2,0x2","sp,0x2",
80000050,addi,sp:00001800,,80010113,,"addi	x2,x2,-2048","sp,sp,-2048",
80000058,addi,sp:00000000,,00000113,,"addi	x2,x0,0","sp,zero,0",
80000068,lui,ra:80000000,,800000b7,,"lui	x1,0x80000","ra,0x80000",
8000006c,lui,sp:80000000,,80000137,,"lui	x2,0x80000","sp,0x80000",
80000070,lui,gp:8482e000,,8482e1b7,,"lui	x3,0x8482e","gp,0x8482e",
80000074,addi,gp:8482d819,,81918193,,"addi	x3,x3,-2023","gp,gp,-2023",
80000078,lui,tp:f7b18000,,f7b18237,,"lui	x4,0xf7b18","tp,0xf7b18",
8000007c,addi,tp:f7b17cef,,cef20213,,"addi	x4,x4,-785","tp,tp,-785",
80000080,addi,t0:00000006,,00600293,,"addi	x5,x0,6","t0,zero,6",
80000084,addi,t1:00000001,,00100313,,"addi	x6,x0,1","t1,zero,1",
80000088,lui,t2:f5e83000,,f5e833b7,,"lui	x7,0xf5e83","t2,0xf5e83",
8000008c,addi,t2:f5e8290b,,90b38393,,"addi	x7,x7,-1781","t2,t2,-1781",
80000090,addi,s0:0000000c,,00c00413,,"addi	x8,x0,12","s0,zero,12",
80000094,lui,s1:80000000,,800004b7,,"lui	x9,0x80000","s1,0x80000",
80000098,lui,a0:80000000,,80000537,,"lui	x10,0x80000","a0,0x80000",
8000009c,addi,a1:00000000,,00000593,,"addi	x11,x0,0","a1,zero,0",
800000a0,lui,a2:80000000,,80000637,,"lui	x12,0x80000","a2,0x80000",
800000a4,lui,a3:80000000,,800006b7,,"lui	x13,0x80000","a3,0x80000",
800000a8,lui,a4:7e723000,,7e723737,,"lui	x14,0x7e723","a4,0x7e723",
800000ac,addi,a4:7e72360c,,60c70713,,"addi	x14,x14,1548","a4,a4,1548",
800000b0,lui,a5:f2ec0000,,f2ec07b7,,"lui	x15,0xf2ec0","a5,0xf2ec0",
800000b4,addi,a5:f2ebffe5,,fe578793,,"addi	x15,x15,-27","a5,a5,-27",
800000b8,addi,a6:00000000,,00000813,,"addi	x16,x0,0","a6,zero,0",
800000bc,addi,a7:00000006,,00600893,,"addi	x17,x0,6","a7,zero,6",
800000c0,lui,s3:013c6000,,013c69b7,,"lui	x19,0x13c6","s3,0x13c6",
800000c4,addi,s3:013c5f12,,f1298993,,"addi	x19,x19,-238","s3,s3,-238",
800000c8,addi,s4:00000000,,00000a13,,"addi	x20,x0,0","s4,zero,0",
800000cc,lui,s5:e8839000,,e8839ab7,,"lui	x21,0xe8839","s5,0xe8839",
800000d0,addi,s5:e88396e1,,6e1a8a93,,"addi	x21,x21,1761","s5,s5,1761",
800000d4,addi,s6:00000009,,00900b13,,"addi	x22,x0,9","s6,zero,9",
800000d8,addi,s7:00000000,,00000b93,,"addi	x23,x0,0","s7,zero,0",
800000dc,lui,s8:80000000,,80000c37,,"lui	x24,0x80000","s8,0x80000",
800000e0,addi,s9:00000000,,00000c93,,"addi	x25,x0,0","s9,zero,0",
800000e4,lui,s10:80000000,,80000d37,,"lui	x26,0x80000","s10,0x80000",
800000e8,lui,s11:80000000,,80000db7,,"lui	x27,0x80000","s11,0x80000",
800000ec,lui,t3:80000000,,80000e37,,"lui	x28,0x80000","t3,0x80000",
800000f0,lui,t4:f9f55000,,f9f55eb7,,"lui	x29,0xf9f55","t4,0xf9f55",
800000f4,addi,t4:f9f55553,,553e8e93,,"addi	x29,x29,1363","t4,t4,1363",
800000f8,lui,t6:ea4a4000,,ea4a4fb7,,"lui	x31,0xea4a4","t6,0xea4a4",
800000fc,addi,t6:ea4a46e4,,6e4f8f93,,"addi	x31,x31,1764","t6,t6,1764",
80000100,auipc,s2:80025100,,00025917,,"auipc	x18,0x25","s2,0x25",
80000104,addi,s2:80024e64,,d6490913,,"addi	x18,x18,-668","s2,s2,-668",
80000108,addi,s1:fffffff6,,ff600493,,"addi	x9,x0,-10","s1,zero,-10",
80000110,addi,gp:800001be,,1be08193,,"addi	x3,x1,446","gp,ra,446",
80000114,srai,a0:fff975ff,,4097d513,,"srai	x10,x15,0x9","a0,a5,0x9",
80000118,sll,s8:00000000,,00ae1c33,,"sll	x24,x28,x10","s8,t3,a0",
8000011c,sltiu,s4:00000001,,bb0d3a13,,"sltiu	x20,x26,-1104","s4,s10,-1104",
80000120,addi,sp:00000004,,00400113,,"addi	x2,x0,4","sp,zero,4",
80000124,sub,s6:060aaab1,,41d10b33,,"sub	x22,x2,x29","s6,sp,t4",
80000128,sltiu,s6:00000000,,7b5dbb13,,"sltiu	x22,x27,1973","s6,s11,1973",
8000012c,sub,a0:00000001,,417a0533,,"sub	x10,x20,x23","a0,s4,s7",
80000130,addi,s1:fffffff7,,00148493,,"addi	x9,x9,1","s1,s1,1",
80000138,and,s3:74602008,,00e3f9b3,,"and	x19,x7,x14","s3,t2,a4",
8000013c,lui,s6:d6f4a000,,d6f4ab37,,"lui	x22,0xd6f4a","s6,0xd6f4a",
80000140,xor,t1:1176c3b2,,01dac333,,"xor	x6,x21,x29","t1,s5,t4",
80000128,sltiu,s6:00000000,,7b5dbb13,,"sltiu	x22,x27,1973","s6,s11,1973",
8000012c,sub,a0:00000001,,417a0533,,"sub	x10,x20,x23","a0,s4,s7",
80000130,addi,s1:fffffff8,,00148493,,"addi	x9,x9,1","s1,s1,1",
80000138,and,s3:74602008,,00e3f9b3,,"and	x19,x7,x14","s3,t2,a4",
8000013c,lui,s6:d6f4a000,,d6f4ab37,,"lui	x22,0xd6f4a","s6,0xd6f4a",
80000140,xor,t1:1176c3b2,,01dac333,,"xor	x6,x21,x29","t1,s5,t4",
80000128,sltiu,s6:00000000,,7b5dbb13,,"sltiu	x22,x27,1973","s6,s11,1973",
8000012c,sub,a0:00000001,,417a0533,,"sub	x10,x20,x23","a0,s4,s7",
80000130,addi,s1:fffffff9,,00148493,,"addi	x9,x9,1","s1,s1,1",
80000138,and,s3:74602008,,00e3f9b3,,"and	x19,x7,x14","s3,t2,a4",
8000013c,lui,s6:d6f4a000,,d6f4ab37,,"lui	x22,0xd6f4a","s6,0xd6f4a",
80000140,xor,t1:1176c3b2,,01dac333,,"xor	x6,x21,x29","t1,s5,t4",
80000128,sltiu,s6:00000000,,7b5dbb13,,"sltiu	x22,x27,1973","s6,s11,1973",
8000012c,sub,a0:00000001,,417a0533,,"sub	x10,x20,x23","a0,s4,s7",
80000130,addi,s1:fffffffa,,00148493,,"addi	x9,x9,1","s1,s1,1",
80000138,and,s3:74602008,,00e3f9b3,,"and	x19,x7,x14","s3,t2,a4",
8000013c,lui,s6:d6f4a000,,d6f4ab37,,"lui	x22,0xd6f4a","s6,0xd6f4a",
80000140,xor,t1:1176c3b2,,01dac333,,"xor	x6,x21,x29","t1,s5,t4",
80000128,sltiu,s6:00000000,,7b5dbb13,,"sltiu	x22,x27,1973","s6,s11,1973",
8000012c,sub,a0:00000001,,417a0533,,"sub	x10,x20,x23","a0,s4,s7",
80000130,addi,s1:fffffffb,,00148493,,"addi	x9,x9,1","s1,s1,1",
80000138,and,s3:74602008,,00e3f9b3,,"and	x19,x7,x14","s3,t2,a4",
8000013c,lui,s6:d6f4a000,,d6f4ab37,,"lui	x22,0xd6f4a","s6,0xd6f4a",
80000140,xor,t1:1176c3b2,,01dac333,,"xor	x6,x21,x29","t1,s5,t4",
80000128,sltiu,s6:00000000,,7b5dbb13,,"sltiu	x22,x27,1973","s6,s11,1973",
8000012c,sub,a0:00000001,,417a0533,,"sub	x10,x20,x23","a0,s4,s7",
80000130,addi,s1:fffffffc,,00148493,,"addi	x9,x9,1","s1,s1,1",
80000138,and,s3:74602008,,00e3f9b3,,"and	x19,x7,x14","s3,t2,a4",
8000013c,lui,s6:d6f4a000,,d6f4ab37,,"lui	x22,0xd6f4a","s6,0xd6f4a",
80000140,xor,t1:1176c3b2,,01dac333,,"xor	x6,x21,x29","t1,s5,t4",
80000128,sltiu,s6:00000000,,7b5dbb13,,"sltiu	x22,x27,1973","s6,s11,1973",
8000012c,sub,a0:00000001,,417a0533,,"sub	x10,x20,x23","a0,s4,s7",
80000130,addi,s1:fffffffd,,00148493,,"addi	x9,x9,1","s1,s1,1",
80000138,and,s3:74602008,,00e3f9b3,,"and	x19,x7,x14","s3,t2,a4",
8000013c,lui,s6:d6f4a000,,d6f4ab37,,"lui	x22,0xd6f4a","s6,0xd6f4a",
80000140,xor,t1:1176c3b2,,01dac333,,"xor	x6,x21,x29","t1,s5,t4",
80000128,sltiu,s6:00000000,,7b5dbb13,,"sltiu	x22,x27,1973","s6,s11,1973",
8000012c,sub,a0:00000001,,417a0533,,"sub	x10,x20,x23","a0,s4,s7",
80000130,addi,s1:fffffffe,,00148493,,"addi	x9,x9,1","s1,s1,1",
80000138,and,s3:74602008,,00e3f9b3,,"and	x19,x7,x14","s3,t2,a4",
8000013c,lui,s6:d6f4a000,,d6f4ab37,,"lui	x22,0xd6f4a","s6,0xd6f4a",
80000140,xor,t1:1176c3b2,,01dac333,,"xor	x6,x21,x29","t1,s5,t4",
80000128,sltiu,s6:00000000,,7b5dbb13,,"sltiu	x22,x27,1973","s6,s11,1973",
8000012c,sub,a0:00000001,,417a0533,,"sub	x10,x20,x23","a0,s4,s7",
80000130,addi,s1:ffffffff,,00148493,,"addi	x9,x9,1","s1,s1,1",
80000138,and,s3:74602008,,00e3f9b3,,"and	x19,x7,x14","s3,t2,a4",
8000013c,lui,s6:d6f4a000,,d6f4ab37,,"lui	x22,0xd6f4a","s6,0xd6f4a",
80000140,xor,t1:1176c3b2,,01dac333,,"xor	x6,x21,x29","t1,s5,t4",
80000128,sltiu,s6:00000000,,7b5dbb13,,"sltiu	x22,x27,1973","s6,s11,1973",
8000012c,sub,a0:00000001,,417a0533,,"sub	x10,x20,x23","a0,s4,s7",
80000130,addi,s1:00000000,,00148493,,"addi	x9,x9,1","s1,s1,1",
80000138,and,s3:74602008,,00e3f9b3,,"and	x19,x7,x14","s3,t2,a4",
8000013c,lui,s6:d6f4a000,,d6f4ab37,,"lui	x22,0xd6f4a","s6,0xd6f4a",
80000140,xor,t1:1176c3b2,,01dac333,,"xor	x6,x21,x29","t1,s5,t4",
80000128,sltiu,s6:00000000,,7b5dbb13,,"sltiu	x22,x27,1973","s6,s11,1973",
8000012c,sub,a0:00000001,,417a0533,,"sub	x10,x20,x23","a0,s4,s7",
80000130,addi,s1:00000001,,00148493,,"addi	x9,x9,1","s1,s1,1",
80000138,and,s3:74602008,,00e3f9b3,,"and	x19,x7,x14","s3,t2,a4",
8000013c,lui,s6:d6f4a000,,d6f4ab37,,"lui	x22,0xd6f4a","s6,0xd6f4a",
80000140,xor,t1:1176c3b2,,01dac333,,"xor	x6,x21,x29","t1,s5,t4",
80000128,sltiu,s6:00000000,,7b5dbb13,,"sltiu	x22,x27,1973","s6,s11,1973",
8000012c,sub,a0:00000001,,417a0533,,"sub	x10,x20,x23","a0,s4,s7",
80000130,addi,s1:00000002,,00148493,,"addi	x9,x9,1","s1,s1,1",
80000138,and,s3:74602008,,00e3f9b3,,"and	x19,x7,x14","s3,t2,a4",
8000013c,lui,s6:d6f4a000,,d6f4ab37,,"lui	x22,0xd6f4a","s6,0xd6f4a",
80000140,xor,t1:1176c3b2,,01dac333,,"xor	x6,x21,x29","t1,s5,t4",
80000128,sltiu,s6:00000000,,7b5dbb13,,"sltiu	x22,x27,1973","s6,s11,1973",
8000012c,sub,a0:00000001,,417a0533,,"sub	x10,x20,x23","a0,s4,s7",
80000130,addi,s1:00000003,,00148493,,"addi	x9,x9,1","s1,s1,1",
80000138,and,s3:74602008,,00e3f9b3,,"and	x19,x7,x14","s3,t2,a4",
8000013c,lui,s6:d6f4a000,,d6f4ab37,,"lui	x22,0xd6f4a","s6,0xd6f4a",
80000140,xor,t1:1176c3b2,,01dac333,,"xor	x6,x21,x29","t1,s5,t4",
80000128,sltiu,s6:00000000,,7b5dbb13,,"sltiu	x22,x27,1973","s6,s11,1973",
8000012c,sub,a0:00000001,,417a0533,,"sub	x10,x20,x23","a0,s4,s7",
80000130,addi,s1:00000004,,00148493,,"addi	x9,x9,1","s1,s1,1",
80000138,and,s3:74602008,,00e3f9b3,,"and	x19,x7,x14","s3,t2,a4",
8000013c,lui,s6:d6f4a000,,d6f4ab37,,"lui	x22,0xd6f4a","s6,0xd6f4a",
80000140,xor,t1:1176c3b2,,01dac333,,"xor	x6,x21,x29","t1,s5,t4",
80000148,sll,a2:d8300000,,00671633,,"sll	x12,x14,x6","a2,a4,t1",
8000014c,addi,s8:fffffffa,,ffa00c13,,"addi	x24,x0,-6","s8,zero,-6",
80000150,addi,tp:fffffffd,,ffd00213,,"addi	x4,x0,-3","tp,zero,-3",
80000154,xor,s11:1176c3b2,,01dacdb3,,"xor	x27,x21,x29","s11,s5,t4",
80000158,sub,t6:fffffe42,,403e0fb3,,"sub	x31,x28,x3","t6,t3,gp",
8000015c,addi,s8:fffffffb,,001c0c13,,"addi	x24,x24,1","s8,s8,1",
80000160,addi,a2:0000000a,,00a00613,,"addi	x12,x0,10","a2,zero,10",
80000164,or,s11:00000001,,00056db3,,"or	x27,x10,x0","s11,a0,zero",
80000168,addi,a0:0000000a,,00a00513,,"addi	x10,x0,10","a0,zero,10",
8000016c,sltiu,t1:00000000,,6e2eb313,,"sltiu	x6,x29,1762","t1,t4,1762",
80000170,addi,a2:00000001,,ff760613,,"addi	x12,x12,-9","a2,a2,-9",
80000158,sub,t6:fffffe42,,403e0fb3,,"sub	x31,x28,x3","t6,t3,gp",
8000015c,addi,s8:fffffffc,,001c0c13,,"addi	x24,x24,1","s8,s8,1",
80000160,addi,a2:0000000a,,00a00613,,"addi	x12,x0,10","a2,zero,10",
80000164,or,s11:0000000a,,00056db3,,"or	x27,x10,x0","s11,a0,zero",
80000168,addi,a0:0000000a,,00a00513,,"addi	x10,x0,10","a0,zero,10",
8000016c,sltiu,t1:00000000,,6e2eb313,,"sltiu	x6,x29,1762","t1,t4,1762",
80000170,addi,a2:00000001,,ff760613,,"addi	x12,x12,-9","a2,a2,-9",
80000158,sub,t6:fffffe42,,403e0fb3,,"sub	x31,x28,x3","t6,t3,gp",
8000015c,addi,s8:fffffffd,,001c0c13,,"addi	x24,x24,1","s8,s8,1",
80000160,addi,a2:0000000a,,00a00613,,"addi	x12,x0,10","a2,zero,10",
80000164,or,s11:0000000a,,00056db3,,"or	x27,x10,x0","s11,a0,zero",
80000168,addi,a0:0000000a,,00a00513,,"addi	x10,x0,10","a0,zero,10",
8000016c,sltiu,t1:00000000,,6e2eb313,,"sltiu	x6,x29,1762","t1,t4,1762",
80000170,addi,a2:00000001,,ff760613,,"addi	x12,x12,-9","a2,a2,-9",
80000180,xor,a4:d6f4a001,,00cb4733,,"xor	x14,x22,x12","a4,s6,a2",
80000184,addi,a0:00000003,,00300513,,"addi	x10,x0,3","a0,zero,3",
8000018c,ori,a6:fffff85d,,85d6e813,,"ori	x16,x13,-1955","a6,a3,-1955",
80000190,addi,t0:fffffffa,,ffa00293,,"addi	x5,x0,-6","t0,zero,-6",
80000194,sltu,s0:00000000,,00d1b433,,"sltu	x8,x3,x13","s0,gp,a3",
80000198,addi,a5:fffffa7b,,a7ec0793,,"addi	x15,x24,-1410","a5,s8,-1410",
8000019c,sltu,sp:00000001,,0184b133,,"sltu	x2,x9,x24","sp,s1,s8",
800001a0,sltiu,t3:00000001,,cae33e13,,"sltiu	x28,x6,-850","t3,t1,-850",
800001a8,sll,a3:ffff85d0,,01e816b3,,"sll	x13,x16,x30","a3,a6,t5",
800001ac,xori,a6:000005fe,,5fe04813,,"xori	x16,x0,1534","a6,zero,1534",
800001b0,addi,a0:fffffffa,,ff750513,,"addi	x10,x10,-9","a0,a0,-9",
800001b4,slti,s10:00000000,,e7f2ad13,,"slti	x26,x5,-385","s10,t0,-385",
800001b8,slti,s5:00000001,,1ce52a93,,"slti	x21,x10,462","s5,a0,462",
800001bc,srl,t2:00000000,,005bd3b3,,"srl	x7,x23,x5","t2,s7,t0",
800001c0,ori,tp:f9f55557,,017ee213,,"ori	x4,x29,23","tp,t4,23",
800001c4,slli,t3:00020000,,011e1e13,,"slli	x28,x28,0x11","t3,t3,0x11",
800001cc,slt,t6:00000001,,013cafb3,,"slt	x31,x25,x19","t6,s9,s3",
800001d0,sra,a1:f9f55557,,40b255b3,,"sra	x11,x4,x11","a1,tp,a1",
800001d8,sub,a4:290b6006,,41688733,,"sub	x14,x17,x22","a4,a7,s6",
800001dc,and,s0:00000000,,006e7433,,"and	x8,x28,x6","s0,t3,t1",
800001e4,ori,a2:f9f555d7,,4c326613,,"ori	x12,x4,1219","a2,tp,1219",
800001e8,addi,a6:fffffffa,,ffa00813,,"addi	x16,x0,-6","a6,zero,-6",
800001ec,addi,a5:fffffff5,,ff500793,,"addi	x15,x0,-11","a5,zero,-11",
800001f4,or,t4:ffff85d0,,0076eeb3,,"or	x29,x13,x7","t4,a3,t2",
800001f8,addi,a6:fffffff5,,ffb80813,,"addi	x16,x16,-5","a6,a6,-5",
800001fc,sltu,tp:00000001,,0014b233,,"sltu	x4,x9,x1","tp,s1,ra",
80000200,addi,t2:fffffffd,,ffd00393,,"addi	x7,x0,-3","t2,zero,-3",
80000204,xor,a1:74602008,,013d45b3,,"xor	x11,x26,x19","a1,s10,s3",
80000208,addi,t0:00000006,,00600293,,"addi	x5,x0,6","t0,zero,6",
8000020c,ori,a1:fffffbfe,,bda1e593,,"ori	x11,x3,-1062","a1,gp,-1062",
80000210,addi,t2:00000006,,00938393,,"addi	x7,x7,9","t2,t2,9",
8000020c,ori,a1:fffffbfe,,bda1e593,,"ori	x11,x3,-1062","a1,gp,-1062",
80000210,addi,t2:0000000f,,00938393,,"addi	x7,x7,9","t2,t2,9",
8000021c,slt,s6:00000001,,01fcab33,,"slt	x22,x25,x31","s6,s9,t6",
80000220,addi,a4:fffffff7,,ff700713,,"addi	x14,x0,-9","a4,zero,-9",
80000224,srli,s11:00000000,,01145d93,,"srli	x27,x8,0x11","s11,s0,0x11",
8000022c,addi,s8:00000014,,01400c13,,"addi	x24,x0,20","s8,zero,20",
80000230,srl,s0:00000000,,018c5433,,"srl	x8,x24,x24","s0,s8,s8",
80000234,addi,a6:800002cb,,2cb08813,,"addi	x16,x1,715","a6,ra,715",
80000238,slli,s6:00000008,,00311b13,,"slli	x22,x2,0x3","s6,sp,0x3",
8000023c,add,s10:ffff85d1,,01df8d33,,"add	x26,x31,x29","s10,t6,t4",
80000240,xor,s0:ffff85d0,,017ec433,,"xor	x8,x29,x23","s0,t4,s7",
80000244,add,t4:745fa5d8,,01340eb3,,"add	x29,x8,x19","t4,s0,s3",
80000248,addi,a4:fffffff9,,00270713,,"addi	x14,x14,2","a4,a4,2",
8000024c,sltiu,s10:00000000,,9ba73d13,,"sltiu	x26,x14,-1606","s10,a4,-1606",
80000250,sll,t3:00000010,,002b1e33,,"sll	x28,x22,x2","t3,s6,sp",
80000254,srai,a2:ffffffe0,,41a95613,,"srai	x12,x18,0x1a","a2,s2,0x1a",
80000258,slli,t0:08000000,,018b1293,,"slli	x5,x22,0x18","t0,s6,0x18",
8000025c,addi,a6:fffff8dd,,8ddd8813,,"addi	x16,x27,-1827","a6,s11,-1827",
80000240,xor,s0:745fa5d8,,017ec433,,"xor	x8,x29,x23","s0,t4,s7",
80000244,add,t4:e8bfc5e0,,01340eb3,,"add	x29,x8,x19","t4,s0,s3",
80000248,addi,a4:fffffffb,,00270713,,"addi	x14,x14,2","a4,a4,2",
8000024c,sltiu,s10:00000000,,9ba73d13,,"sltiu	x26,x14,-1606","s10,a4,-1606",
80000250,sll,t3:00000010,,002b1e33,,"sll	x28,x22,x2","t3,s6,sp",
80000254,srai,a2:ffffffe0,,41a95613,,"srai	x12,x18,0x1a","a2,s2,0x1a",
80000258,slli,t0:08000000,,018b1293,,"slli	x5,x22,0x18","t0,s6,0x18",
8000025c,addi,a6:fffff8dd,,8ddd8813,,"addi	x16,x27,-1827","a6,s11,-1827",
80000240,xor,s0:e8bfc5e0,,017ec433,,"xor	x8,x29,x23","s0,t4,s7",
80000244,add,t4:5d1fe5e8,,01340eb3,,"add	x29,x8,x19","t4,s0,s3",
80000248,addi,a4:fffffffd,,00270713,,"addi	x14,x14,2","a4,a4,2",
8000024c,sltiu,s10:00000000,,9ba73d13,,"sltiu	x26,x14,-1606","s10,a4,-1606",
80000250,sll,t3:00000010,,002b1e33,,"sll	x28,x22,x2","t3,s6,sp",
80000254,srai,a2:ffffffe0,,41a95613,,"srai	x12,x18,0x1a","a2,s2,0x1a",
80000258,slli,t0:08000000,,018b1293,,"slli	x5,x22,0x18","t0,s6,0x18",
8000025c,addi,a6:fffff8dd,,8ddd8813,,"addi	x16,x27,-1827","a6,s11,-1827",
80000240,xor,s0:5d1fe5e8,,017ec433,,"xor	x8,x29,x23","s0,t4,s7",
80000244,add,t4:d18005f0,,01340eb3,,"add	x29,x8,x19","t4,s0,s3",
80000248,addi,a4:ffffffff,,00270713,,"addi	x14,x14,2","a4,a4,2",
8000024c,sltiu,s10:00000000,,9ba73d13,,"sltiu	x26,x14,-1606","s10,a4,-1606",
80000250,sll,t3:00000010,,002b1e33,,"sll	x28,x22,x2","t3,s6,sp",
80000254,srai,a2:ffffffe0,,41a95613,,"srai	x12,x18,0x1a","a2,s2,0x1a",
80000258,slli,t0:08000000,,018b1293,,"slli	x5,x22,0x18","t0,s6,0x18",
8000025c,addi,a6:fffff8dd,,8ddd8813,,"addi	x16,x27,-1827","a6,s11,-1827",
80000240,xor,s0:d18005f0,,017ec433,,"xor	x8,x29,x23","s0,t4,s7",
80000244,add,t4:45e025f8,,01340eb3,,"add	x29,x8,x19","t4,s0,s3",
80000248,addi,a4:00000001,,00270713,,"addi	x14,x14,2","a4,a4,2",
8000024c,sltiu,s10:00000001,,9ba73d13,,"sltiu	x26,x14,-1606","s10,a4,-1606",
80000250,sll,t3:00000010,,002b1e33,,"sll	x28,x22,x2","t3,s6,sp",
80000254,srai,a2:ffffffe0,,41a95613,,"srai	x12,x18,0x1a","a2,s2,0x1a",
80000258,slli,t0:08000000,,018b1293,,"slli	x5,x22,0x18","t0,s6,0x18",
8000025c,addi,a6:fffff8dd,,8ddd8813,,"addi	x16,x27,-1827","a6,s11,-1827",
80000240,xor,s0:45e025f8,,017ec433,,"xor	x8,x29,x23","s0,t4,s7",
80000244,add,t4:ba404600,,01340eb3,,"add	x29,x8,x19","t4,s0,s3",
80000248,addi,a4:00000003,,00270713,,"addi	x14,x14,2","a4,a4,2",
8000024c,sltiu,s10:00000001,,9ba73d13,,"sltiu	x26,x14,-1606","s10,a4,-1606",
80000250,sll,t3:00000010,,002b1e33,,"sll	x28,x22,x2","t3,s6,sp",
80000254,srai,a2:ffffffe0,,41a95613,,"srai	x12,x18,0x1a","a2,s2,0x1a",
80000258,slli,t0:08000000,,018b1293,,"slli	x5,x22,0x18","t0,s6,0x18",
8000025c,addi,a6:fffff8dd,,8ddd8813,,"addi	x16,x27,-1827","a6,s11,-1827",
80000240,xor,s0:ba404600,,017ec433,,"xor	x8,x29,x23","s0,t4,s7",
80000244,add,t4:2ea06608,,01340eb3,,"add	x29,x8,x19","t4,s0,s3",
80000248,addi,a4:00000005,,00270713,,"addi	x14,x14,2","a4,a4,2",
8000024c,sltiu,s10:00000001,,9ba73d13,,"sltiu	x26,x14,-1606","s10,a4,-1606",
80000250,sll,t3:00000010,,002b1e33,,"sll	x28,x22,x2","t3,s6,sp",
80000254,srai,a2:ffffffe0,,41a95613,,"srai	x12,x18,0x1a","a2,s2,0x1a",
80000258,slli,t0:08000000,,018b1293,,"slli	x5,x22,0x18","t0,s6,0x18",
8000025c,addi,a6:fffff8dd,,8ddd8813,,"addi	x16,x27,-1827","a6,s11,-1827",
80000240,xor,s0:2ea06608,,017ec433,,"xor	x8,x29,x23","s0,t4,s7",
80000244,add,t4:a3008610,,01340eb3,,"add	x29,x8,x19","t4,s0,s3",
80000248,addi,a4:00000007,,00270713,,"addi	x14,x14,2","a4,a4,2",
8000024c,sltiu,s10:00000001,,9ba73d13,,"sltiu	x26,x14,-1606","s10,a4,-1606",
80000250,sll,t3:00000010,,002b1e33,,"sll	x28,x22,x2","t3,s6,sp",
80000254,srai,a2:ffffffe0,,41a95613,,"srai	x12,x18,0x1a","a2,s2,0x1a",
80000258,slli,t0:08000000,,018b1293,,"slli	x5,x22,0x18","t0,s6,0x18",
8000025c,addi,a6:fffff8dd,,8ddd8813,,"addi	x16,x27,-1827","a6,s11,-1827",
80000240,xor,s0:a3008610,,017ec433,,"xor	x8,x29,x23","s0,t4,s7",
80000244,add,t4:1760a618,,01340eb3,,"add	x29,x8,x19","t4,s0,s3",
80000248,addi,a4:00000009,,00270713,,"addi	x14,x14,2","a4,a4,2",
8000024c,sltiu,s10:00000001,,9ba73d13,,"sltiu	x26,x14,-1606","s10,a4,-1606",
80000250,sll,t3:00000010,,002b1e33,,"sll	x28,x22,x2","t3,s6,sp",
80000254,srai,a2:ffffffe0,,41a95613,,"srai	x12,x18,0x1a","a2,s2,0x1a",
80000258,slli,t0:08000000,,018b1293,,"slli	x5,x22,0x18","t0,s6,0x18",
8000025c,addi,a6:fffff8dd,,8ddd8813,,"addi	x16,x27,-1827","a6,s11,-1827",
80000240,xor,s0:1760a618,,017ec433,,"xor	x8,x29,x23","s0,t4,s7",
80000244,add,t4:8bc0c620,,01340eb3,,"add	x29,x8,x19","t4,s0,s3",
80000248,addi,a4:0000000b,,00270713,,"addi	x14,x14,2","a4,a4,2",
8000024c,sltiu,s10:00000001,,9ba73d13,,"sltiu	x26,x14,-1606","s10,a4,-1606",
80000250,sll,t3:00000010,,002b1e33,,"sll	x28,x22,x2","t3,s6,sp",
80000254,srai,a2:ffffffe0,,41a95613,,"srai	x12,x18,0x1a","a2,s2,0x1a",
80000258,slli,t0:08000000,,018b1293,,"slli	x5,x22,0x18","t0,s6,0x18",
8000025c,addi,a6:fffff8dd,,8ddd8813,,"addi	x16,x27,-1827","a6,s11,-1827",
80000240,xor,s0:8bc0c620,,017ec433,,"xor	x8,x29,x23","s0,t4,s7",
80000244,add,t4:0020e628,,01340eb3,,"add	x29,x8,x19","t4,s0,s3",
80000248,addi,a4:0000000d,,00270713,,"addi	x14,x14,2","a4,a4,2",
8000024c,sltiu,s10:00000001,,9ba73d13,,"sltiu	x26,x14,-1606","s10,a4,-1606",
80000250,sll,t3:00000010,,002b1e33,,"sll	x28,x22,x2","t3,s6,sp",
80000254,srai,a2:ffffffe0,,41a95613,,"srai	x12,x18,0x1a","a2,s2,0x1a",
80000258,slli,t0:08000000,,018b1293,,"slli	x5,x22,0x18","t0,s6,0x18",
8000025c,addi,a6:fffff8dd,,8ddd8813,,"addi	x16,x27,-1827","a6,s11,-1827",
80000240,xor,s0:0020e628,,017ec433,,"xor	x8,x29,x23","s0,t4,s7",
80000244,add,t4:74810630,,01340eb3,,"add	x29,x8,x19","t4,s0,s3",
80000248,addi,a4:0000000f,,00270713,,"addi	x14,x14,2","a4,a4,2",
8000024c,sltiu,s10:00000001,,9ba73d13,,"sltiu	x26,x14,-1606","s10,a4,-1606",
80000250,sll,t3:00000010,,002b1e33,,"sll	x28,x22,x2","t3,s6,sp",
80000254,srai,a2:ffffffe0,,41a95613,,"srai	x12,x18,0x1a","a2,s2,0x1a",
80000258,slli,t0:08000000,,018b1293,,"slli	x5,x22,0x18","t0,s6,0x18",
8000025c,addi,a6:fffff8dd,,8ddd8813,,"addi	x16,x27,-1827","a6,s11,-1827",
80000240,xor,s0:74810630,,017ec433,,"xor	x8,x29,x23","s0,t4,s7",
80000244,add,t4:e8e12638,,01340eb3,,"add	x29,x8,x19","t4,s0,s3",
80000248,addi,a4:00000011,,00270713,,"addi	x14,x14,2","a4,a4,2",
8000024c,sltiu,s10:00000001,,9ba73d13,,"sltiu	x26,x14,-1606","s10,a4,-1606",
80000250,sll,t3:00000010,,002b1e33,,"sll	x28,x22,x2","t3,s6,sp",
80000254,srai,a2:ffffffe0,,41a95613,,"srai	x12,x18,0x1a","a2,s2,0x1a",
80000258,slli,t0:08000000,,018b1293,,"slli	x5,x22,0x18","t0,s6,0x18",
8000025c,addi,a6:fffff8dd,,8ddd8813,,"addi	x16,x27,-1827","a6,s11,-1827",
80000240,xor,s0:e8e12638,,017ec433,,"xor	x8,x29,x23","s0,t4,s7",
80000244,add,t4:5d414640,,01340eb3,,"add	x29,x8,x19","t4,s0,s3",
80000248,addi,a4:00000013,,00270713,,"addi	x14,x14,2","a4,a4,2",
8000024c,sltiu,s10:00000001,,9ba73d13,,"sltiu	x26,x14,-1606","s10,a4,-1606",
80000250,sll,t3:00000010,,002b1e33,,"sll	x28,x22,x2","t3,s6,sp",
80000254,srai,a2:ffffffe0,,41a95613,,"srai	x12,x18,0x1a","a2,s2,0x1a",
80000258,slli,t0:08000000,,018b1293,,"slli	x5,x22,0x18","t0,s6,0x18",
8000025c,addi,a6:fffff8dd,,8ddd8813,,"addi	x16,x27,-1827","a6,s11,-1827",
80000240,xor,s0:5d414640,,017ec433,,"xor	x8,x29,x23","s0,t4,s7",
80000244,add,t4:d1a16648,,01340eb3,,"add	x29,x8,x19","t4,s0,s3",
80000248,addi,a4:00000015,,00270713,,"addi	x14,x14,2","a4,a4,2",
8000024c,sltiu,s10:00000001,,9ba73d13,,"sltiu	x26,x14,-1606","s10,a4,-1606",
80000250,sll,t3:00000010,,002b1e33,,"sll	x28,x22,x2","t3,s6,sp",
80000254,srai,a2:ffffffe0,,41a95613,,"srai	x12,x18,0x1a","a2,s2,0x1a",
80000258,slli,t0:08000000,,018b1293,,"slli	x5,x22,0x18","t0,s6,0x18",
8000025c,addi,a6:fffff8dd,,8ddd8813,,"addi	x16,x27,-1827","a6,s11,-1827",
80000264,auipc,s11:bc07d264,,3c07dd97,,"auipc	x27,0x3c07d","s11,0x3c07d",
80000268,addi,a2:00000006,,00600613,,"addi	x12,x0,6","a2,zero,6",
80000274,ori,s7:000002a5,,2a4a6b93,,"ori	x23,x20,676","s7,s4,676",
8000027c,and,tp:00000000,,00aaf233,,"and	x4,x21,x10","tp,s5,a0",
80000284,addi,s3:fffffffc,,ffc00993,,"addi	x19,x0,-4","s3,zero,-4",
80000288,or,s8:80000001,,01f0ec33,,"or	x24,x1,x31","s8,ra,t6",
8000028c,and,sp:bc078040,,00ddf133,,"and	x2,x27,x13","sp,s11,a3",
80000290,srai,s4:fffa342c,,40beda13,,"srai	x20,x29,0xb","s4,t4,0xb",
80000294,addi,a2:fffffffc,,ff660613,,"addi	x12,x12,-10","a2,a2,-10",
80000298,srl,s8:00000000,,0074dc33,,"srl	x24,x9,x7","s8,s1,t2",
8000029c,addi,gp:ffffffff,,fff00193,,"addi	x3,x0,-1","gp,zero,-1",
800002a0,srl,s11:000007ff,,00fa5db3,,"srl	x27,x20,x15","s11,s4,a5",
800002a4,addi,a5:0000000c,,00c00793,,"addi	x15,x0,12","a5,zero,12",
800002a8,lui,s9:b107f000,,b107fcb7,,"lui	x25,0xb107f","s9,0xb107f",
800002b0,sub,t0:7ffffffc,,401982b3,,"sub	x5,x19,x1","t0,s3,ra",
800002b4,sltiu,t4:00000001,,9b9cbe93,,"sltiu	x29,x25,-1607","t4,s9,-1607",
800002b8,addi,gp:00000000,,00118193,,"addi	x3,x3,1","gp,gp,1",
800002bc,sltu,a6:00000000,,009a3833,,"sltu	x16,x20,x9","a6,s4,s1",
800002c0,and,s6:00000000,,000efb33,,"and	x22,x29,x0","s6,t4,zero",
800002c8,auipc,s7:78c8e2c8,,f8c8eb97,,"auipc	x23,0xf8c8e","s7,0xf8c8e",
800002cc,srai,s5:00000000,,413fda93,,"srai	x21,x31,0x13","s5,t6,0x13",
800002d0,sltiu,s6:00000001,,7754bb13,,"sltiu	x22,x9,1909","s6,s1,1909",
800002d4,add,a3:0000000c,,00f006b3,,"add	x13,x0,x15","a3,zero,a5",
800002e0,and,a3:00000000,,014e76b3,,"and	x13,x28,x20","a3,t3,s4",
800002e4,addi,a3:0000000a,,00a00693,,"addi	x13,x0,10","a3,zero,10",
800002e8,and,t4:00000000,,01f7feb3,,"and	x29,x15,x31","t4,a5,t6",
800002ec,addi,ra:00000007,,00700093,,"addi	x1,x0,7","ra,zero,7",
800002f4,or,t1:000007ff,,01b1e333,,"or	x6,x3,x27","t1,gp,s11",
800002f8,addi,a3:00000008,,ffe68693,,"addi	x13,x13,-2","a3,a3,-2",
800002fc,addi,sp:ffffffff,,fff00113,,"addi	x2,x0,-1","sp,zero,-1",
80000300,slt,t1:00000000,,00072333,,"slt	x6,x14,x0","t1,a4,zero",
80000304,sltu,s10:00000000,,009e3d33,,"sltu	x26,x28,x9","s10,t3,s1",
80000308,ori,s10:ffffff06,,f0606d13,,"ori	x26,x0,-250","s10,zero,-250",
80000310,addi,a5:00000003,,00300793,,"addi	x15,x0,3","a5,zero,3",
80000314,xori,t6:00000559,,55984f93,,"xori	x31,x16,1369","t6,a6,1369",
80000318,sltiu,s1:00000001,,78a6b493,,"sltiu	x9,x13,1930","s1,a3,1930",
80000320,sra,s9:ffffffff,,41fa5cb3,,"sra	x25,x20,x31","s9,s4,t6",
80000328,addi,sp:00000006,,00710113,,"addi	x2,x2,7","sp,sp,7",
80000334,ori,t1:0000032f,,32b0e313,,"ori	x6,x1,811","t1,ra,811",
80000338,and,t0:00000000,,01c272b3,,"and	x5,x4,x28","t0,tp,t3",
8000033c,srl,t2:00000000,,01c753b3,,"srl	x7,x14,x28","t2,a4,t3",
800002f4,or,t1:000007ff,,01b1e333,,"or	x6,x3,x27","t1,gp,s11",
800002f8,addi,a3:00000006,,ffe68693,,"addi	x13,x13,-2","a3,a3,-2",
800002fc,addi,sp:ffffffff,,fff00113,,"addi	x2,x0,-1","sp,zero,-1",
80000300,slt,t1:00000000,,00072333,,"slt	x6,x14,x0","t1,a4,zero",
80000304,sltu,s10:00000000,,009e3d33,,"sltu	x26,x28,x9","s10,t3,s1",
80000308,ori,s10:ffffff06,,f0606d13,,"ori	x26,x0,-250","s10,zero,-250",
80000310,addi,a5:00000003,,00300793,,"addi	x15,x0,3","a5,zero,3",
80000314,xori,t6:00000559,,55984f93,,"xori	x31,x16,1369","t6,a6,1369",
80000318,sltiu,s1:00000001,,78a6b493,,"sltiu	x9,x13,1930","s1,a3,1930",
80000320,sra,s9:ffffffff,,41fa5cb3,,"sra	x25,x20,x31","s9,s4,t6",
80000328,addi,sp:00000006,,00710113,,"addi	x2,x2,7","sp,sp,7",
80000334,ori,t1:0000032f,,32b0e313,,"ori	x6,x1,811","t1,ra,811",
80000338,and,t0:00000000,,01c272b3,,"and	x5,x4,x28","t0,tp,t3",
8000033c,srl,t2:00000000,,01c753b3,,"srl	x7,x14,x28","t2,a4,t3",
80000344,sltiu,s11:00000001,,ca12bd93,,"sltiu	x27,x5,-863","s11,t0,-863",
80000348,addi,s0:00000009,,00900413,,"addi	x8,x0,9","s0,zero,9",
8000034c,addi,s1:00000008,,00800493,,"addi	x9,x0,8","s1,zero,8",
80000350,lui,a4:2d437000,,2d437737,,"lui	x14,0x2d437","a4,0x2d437",
80000354,sltu,t4:00000001,,01a83eb3,,"sltu	x29,x16,x26","t4,a6,s10",
80000358,addi,s0:00000002,,ff940413,,"addi	x8,x8,-7","s0,s0,-7",
8000035c,addi,a1:fffffff8,,ff800593,,"addi	x11,x0,-8","a1,zero,-8",
80000360,srl,s7:00000000,,00085bb3,,"srl	x23,x16,x0","s7,a6,zero",
80000364,addi,t6:fffffffd,,ffd00f93,,"addi	x31,x0,-3","t6,zero,-3",
80000368,addi,s6:fffff83f,,84758b13,,"addi	x22,x11,-1977","s6,a1,-1977",
8000036c,ori,s8:000005cc,,5c44ec13,,"ori	x24,x9,1476","s8,s1,1476",
80000370,sltu,t0:00000000,,003832b3,,"sltu	x5,x16,x3","t0,a6,gp",
80000374,addi,a1:fffffffd,,00558593,,"addi	x11,x11,5","a1,a1,5",
80000384,slt,s6:00000001,,00682b33,,"slt	x22,x16,x6","s6,a6,t1",
80000388,addi,s0:00000004,,00400413,,"addi	x8,x0,4","s0,zero,4",
8000038c,slli,tp:fffffff8,,00199213,,"slli	x4,x19,0x1","tp,s3,0x1",
80000394,addi,a2:fffffff8,,ff800613,,"addi	x12,x0,-8","a2,zero,-8",
80000398,addi,ra:800251bf,,35b90093,,"addi	x1,x18,859","ra,s2,859",
800003a0,sltiu,s1:00000000,,45773493,,"sltiu	x9,x14,1111","s1,a4,1111",
800003a4,addi,s0:00000002,,ffe40413,,"addi	x8,x8,-2","s0,s0,-2",
800003a8,ori,s10:fffffdb7,,db7eed13,,"ori	x26,x29,-585","s10,t4,-585",
800003ac,addi,s3:000003a6,,3a7c8993,,"addi	x19,x25,935","s3,s9,935",
800003b0,add,t0:2d437003,,00e782b3,,"add	x5,x15,x14","t0,a5,a4",
80000398,addi,ra:800251bf,,35b90093,,"addi	x1,x18,859","ra,s2,859",
800003a0,sltiu,s1:00000000,,45773493,,"sltiu	x9,x14,1111","s1,a4,1111",
800003a4,addi,s0:00000000,,ffe40413,,"addi	x8,x8,-2","s0,s0,-2",
800003a8,ori,s10:fffffdb7,,db7eed13,,"ori	x26,x29,-585","s10,t4,-585",
800003ac,addi,s3:000003a6,,3a7c8993,,"addi	x19,x25,935","s3,s9,935",
800003b0,add,t0:2d437003,,00e782b3,,"add	x5,x15,x14","t0,a5,a4",
80000398,addi,ra:800251bf,,35b90093,,"addi	x1,x18,859","ra,s2,859",
800003a0,sltiu,s1:00000000,,45773493,,"sltiu	x9,x14,1111","s1,a4,1111",
800003a4,addi,s0:fffffffe,,ffe40413,,"addi	x8,x8,-2","s0,s0,-2",
800003a8,ori,s10:fffffdb7,,db7eed13,,"ori	x26,x29,-585","s10,t4,-585",
800003ac,addi,s3:000003a6,,3a7c8993,,"addi	x19,x25,935","s3,s9,935",
800003b0,add,t0:2d437003,,00e782b3,,"add	x5,x15,x14","t0,a5,a4",
80000398,addi,ra:800251bf,,35b90093,,"addi	x1,x18,859","ra,s2,859",
800003a0,sltiu,s1:00000000,,45773493,,"sltiu	x9,x14,1111","s1,a4,1111",
800003a4,addi,s0:fffffffc,,ffe40413,,"addi	x8,x8,-2","s0,s0,-2",
800003a8,ori,s10:fffffdb7,,db7eed13,,"ori	x26,x29,-585","s10,t4,-585",
800003ac,addi,s3:000003a6,,3a7c8993,,"addi	x19,x25,935","s3,s9,935",
800003b0,add,t0:2d437003,,00e782b3,,"add	x5,x15,x14","t0,a5,a4",
80000398,addi,ra:800251bf,,35b90093,,"addi	x1,x18,859","ra,s2,859",
800003a0,sltiu,s1:00000000,,45773493,,"sltiu	x9,x14,1111","s1,a4,1111",
800003a4,addi,s0:fffffffa,,ffe40413,,"addi	x8,x8,-2","s0,s0,-2",
800003a8,ori,s10:fffffdb7,,db7eed13,,"ori	x26,x29,-585","s10,t4,-585",
800003ac,addi,s3:000003a6,,3a7c8993,,"addi	x19,x25,935","s3,s9,935",
800003b0,add,t0:2d437003,,00e782b3,,"add	x5,x15,x14","t0,a5,a4",
80000398,addi,ra:800251bf,,35b90093,,"addi	x1,x18,859","ra,s2,859",
800003a0,sltiu,s1:00000000,,45773493,,"sltiu	x9,x14,1111","s1,a4,1111",
800003a4,addi,s0:fffffff8,,ffe40413,,"addi	x8,x8,-2","s0,s0,-2",
800003a8,ori,s10:fffffdb7,,db7eed13,,"ori	x26,x29,-585","s10,t4,-585",
800003ac,addi,s3:000003a6,,3a7c8993,,"addi	x19,x25,935","s3,s9,935",
800003b0,add,t0:2d437003,,00e782b3,,"add	x5,x15,x14","t0,a5,a4",
80000398,addi,ra:800251bf,,35b90093,,"addi	x1,x18,859","ra,s2,859",
800003a0,sltiu,s1:00000000,,45773493,,"sltiu	x9,x14,1111","s1,a4,1111",
800003a4,addi,s0:fffffff6,,ffe40413,,"addi	x8,x8,-2","s0,s0,-2",
800003a8,ori,s10:fffffdb7,,db7eed13,,"ori	x26,x29,-585","s10,t4,-585",
800003ac,addi,s3:000003a6,,3a7c8993,,"addi	x19,x25,935","s3,s9,935",
800003b0,add,t0:2d437003,,00e782b3,,"add	x5,x15,x14","t0,a5,a4",
800003b8,slt,s10:00000000,,0176ad33,,"slt	x26,x13,x23","s10,a3,s7",
800003bc,addi,a6:fffffff6,,ff600813,,"addi	x16,x0,-10","a6,zero,-10",
800003c0,addi,a0:ffffffee,,fee00513,,"addi	x10,x0,-18","a0,zero,-18",
800003c4,xori,s0:fffffeb3,,eb33c413,,"xori	x8,x7,-333","s0,t2,-333",
800003c8,addi,a6:fffffff2,,ffc80813,,"addi	x16,x16,-4","a6,a6,-4",
800003c4,xori,s0:fffffeb3,,eb33c413,,"xori	x8,x7,-333","s0,t2,-333",
800003c8,addi,a6:ffffffee,,ffc80813,,"addi	x16,x16,-4","a6,a6,-4",
800003d0,auipc,sp:825223d0,,02522117,,"auipc	x2,0x2522","sp,0x2522",
800003d4,addi,a3:fffffffa,,ffa00693,,"addi	x13,x0,-6","a3,zero,-6",
800003d8,ori,ra:800253bf,,3850e093,,"ori	x1,x1,901","ra,ra,901",
800003dc,lui,tp:33fdc000,,33fdc237,,"lui	x4,0x33fdc","tp,0x33fdc",
800003e0,slt,a0:00000001,,01cda533,,"slt	x10,x27,x28","a0,s11,t3",
800003e8,or,s3:80024e64,,015969b3,,"or	x19,x18,x21","s3,s2,s5",
800003ec,addi,a1:00000004,,00400593,,"addi	x11,x0,4","a1,zero,4",
800003f0,or,ra:00000001,,00ab60b3,,"or	x1,x22,x10","ra,s6,a0",
800003f4,srai,t4:00000000,,40d05e93,,"srai	x29,x0,0xd","t4,zero,0xd",
800003f8,addi,a3:00000004,,00a68693,,"addi	x13,x13,10","a3,a3,10",
800003fc,slt,s1:00000001,,0169a4b3,,"slt	x9,x19,x22","s1,s3,s6",
80000400,slli,ra:00000000,,01219093,,"slli	x1,x3,0x12","ra,gp,0x12",
80000404,addi,s10:fffffff6,,ff600d13,,"addi	x26,x0,-10","s10,zero,-10",
80000408,slt,t2:00000001,,009fa3b3,,"slt	x7,x31,x9","t2,t6,s1",
8000040c,addi,sp:fffffff8,,ff800113,,"addi	x2,x0,-8","sp,zero,-8",
80000410,sub,s4:fffffff9,,41fd0a33,,"sub	x20,x26,x31","s4,s10,t6",
80000418,sra,tp:fffffff8,,40e65233,,"sra	x4,x12,x14","tp,a2,a4",
8000041c,or,ra:fffffffd,,01f060b3,,"or	x1,x0,x31","ra,zero,t6",
80000420,srai,s4:ffffffff,,40ba5a13,,"srai	x20,x20,0xb","s4,s4,0xb",
80000424,addi,s10:fffffffc,,006d0d13,,"addi	x26,x26,6","s10,s10,6",
80000428,or,s5:fffffffd,,01fb6ab3,,"or	x21,x22,x31","s5,s6,t6",
8000042c,sltu,t1:00000001,,01ee3333,,"sltu	x6,x28,x30","t1,t3,t5",
80000434,lui,gp:c1a1d000,,c1a1d1b7,,"lui	x3,0xc1a1d","gp,0xc1a1d",
80000438,or,s0:00000005,,0165e433,,"or	x8,x11,x22","s0,a1,s6",
8000043c,andi,a4:00000664,,67f97713,,"andi	x14,x18,1663","a4,s2,1663",
80000440,sltiu,t1:00000001,,299db313,,"sltiu	x6,x27,665","t1,s11,665",
80000444,sra,s3:ffffffff,,419fd9b3,,"sra	x19,x31,x25","s3,t6,s9",
8000044c,sltu,tp:00000001,,019ab233,,"sltu	x4,x21,x25","tp,s5,s9",
80000450,addi,a1:fffffff7,,ff700593,,"addi	x11,x0,-9","a1,zero,-9",
80000454,xor,s9:fffffffc,,016accb3,,"xor	x25,x21,x22","s9,s5,s6",
80000458,slt,t4:00000001,,00192eb3,,"slt	x29,x18,x1","t4,s2,ra",
8000045c,addi,s6:00000000,,00000b13,,"addi	x22,x0,0","s6,zero,0",
80000460,sub,s4:80024e63,,40690a33,,"sub	x20,x18,x6","s4,s2,t1",
80000464,xori,s11:ffffffbd,,0429cd93,,"xori	x27,x19,66","s11,s3,66",
80000468,addi,a1:fffffff8,,00158593,,"addi	x11,x11,1","a1,a1,1",
8000046c,addi,s0:00000009,,00900413,,"addi	x8,x0,9","s0,zero,9",
80000470,and,tp:00000000,,01c37233,,"and	x4,x6,x28","tp,t1,t3",
80000474,add,a2:00000000,,00000633,,"add	x12,x0,x0","a2,zero,zero",
80000478,sltiu,s10:00000001,,d2b63d13,,"sltiu	x26,x12,-725","s10,a2,-725",
8000047c,addi,s8:00000004,,00178c13,,"addi	x24,x15,1","s8,a5,1",
80000480,slti,t4:00000000,,dac5ae93,,"slti	x29,x11,-596","t4,a1,-596",
80000484,sll,s1:d0000000,,01c194b3,,"sll	x9,x3,x28","s1,gp,t3",
80000488,addi,a3:00000008,,00800693,,"addi	x13,x0,8","a3,zero,8",
80000490,ori,s10:00000146,,1448ed13,,"ori	x26,x17,324","s10,a7,324",
80000494,addi,s0:00000008,,fff40413,,"addi	x8,x8,-1","s0,s0,-1",
80000498,srai,s8:00000000,,40a25c13,,"srai	x24,x4,0xa","s8,tp,0xa",
8000049c,srli,t3:0000001f,,01b15e13,,"srli	x28,x2,0x1b","t3,sp,0x1b",
80000490,ori,s10:00000146,,1448ed13,,"ori	x26,x17,324","s10,a7,324",
80000494,addi,s0:00000007,,fff40413,,"addi	x8,x8,-1","s0,s0,-1",
80000498,srai,s8:00000000,,40a25c13,,"srai	x24,x4,0xa","s8,tp,0xa",
8000049c,srli,t3:0000001f,,01b15e13,,"srli	x28,x2,0x1b","t3,sp,0x1b",
800004a4,slti,gp:00000001,,16312193,,"slti	x3,x2,355","gp,sp,355",
800004a8,slti,s8:00000000,,a4552c13,,"slti	x24,x10,-1467","s8,a0,-1467",
800004b0,srli,s10:01a00000,,0074dd13,,"srli	x26,x9,0x7","s10,s1,0x7",
800004b4,addi,t2:fffffff8,,ff800393,,"addi	x7,x0,-8","t2,zero,-8",
800004b8,add,t6:80024e64,,01690fb3,,"add	x31,x18,x22","t6,s2,s6",
800004bc,sltu,s9:00000000,,014abcb3,,"sltu	x25,x21,x20","s9,s5,s4",
800004c0,sltu,s11:00000001,,01523db3,,"sltu	x27,x4,x21","s11,tp,s5",
800004c4,lui,s4:222f3000,,222f3a37,,"lui	x20,0x222f3","s4,0x222f3",
800004c8,addi,s1:fffffff7,,ff700493,,"addi	x9,x0,-9","s1,zero,-9",
800004cc,sll,gp:00127320,,005911b3,,"sll	x3,x18,x5","gp,s2,t0",
800004d0,sll,t6:01990000,,01071fb3,,"sll	x31,x14,x16","t6,a4,a6",
800004d4,auipc,s6:729424d4,,f2942b17,,"auipc	x22,0xf2942","s6,0xf2942",
800004d8,srl,a0:00000000,,007c5533,,"srl	x10,x24,x7","a0,s8,t2",
800004dc,addi,t2:ffffffee,,ff638393,,"addi	x7,x7,-10","t2,t2,-10",
800004e4,lui,gp:81ca2000,,81ca21b7,,"lui	x3,0x81ca2","gp,0x81ca2",
800004e8,xori,s7:fffffd42,,d42ecb93,,"xori	x23,x29,-702","s7,t4,-702",
800004f0,sll,t1:00000000,,01901333,,"sll	x6,x0,x25","t1,zero,s9",
800004f4,addi,ra:fffffffc,,ffc00093,,"addi	x1,x0,-4","ra,zero,-4",
800004f8,and,s10:00000000,,003c7d33,,"and	x26,x24,x3","s10,s8,gp",
800004fc,addi,a4:fffffa42,,a4230713,,"addi	x14,x6,-1470","a4,t1,-1470",
80000500,sub,t3:fffffff7,,41948e33,,"sub	x28,x9,x25","t3,s1,s9",
80000504,addi,a5:00000006,,00600793,,"addi	x15,x0,6","a5,zero,6",
80000508,ori,s7:ffffffee,,68086b93,,"ori	x23,x16,1664","s7,a6,1664",
8000050c,and,s11:2d437003,,0052fdb3,,"and	x27,x5,x5","s11,t0,t0",
80000510,sltu,s5:00000000,,00a2bab3,,"sltu	x21,x5,x10","s5,t0,a0",
80000514,addi,s11:fffffdcc,,dcce8d93,,"addi	x27,x29,-564","s11,t4,-564",
80000518,or,a1:fffffdcc,,01bd65b3,,"or	x11,x26,x27","a1,s10,s11",
80000520,srli,a1:00000001,,0036d593,,"srli	x11,x13,0x3","a1,a3,0x3",
80000524,slt,a2:00000001,,01a9a633,,"slt	x12,x19,x26","a2,s3,s10",
80000528,slli,t3:2849a800,,009b1e13,,"slli	x28,x22,0x9","t3,s6,0x9",
8000052c,auipc,s5:21d0052c,,a1d00a97,,"auipc	x21,0xa1d00","s5,0xa1d00",
80000530,sra,t4:00000000,,40dedeb3,,"sra	x29,x29,x13","t4,t4,a3",
80000538,andi,s6:81ca2000,,8731fb13,,"andi	x22,x3,-1933","s6,gp,-1933",
80000540,addi,ra:fffffffd,,00108093,,"addi	x1,x1,1","ra,ra,1",
80000544,srl,t3:00000000,,01f35e33,,"srl	x28,x6,x31","t3,t1,t6",
80000548,lui,s0:502d6000,,502d6437,,"lui	x8,0x502d6","s0,0x502d6",
8000054c,andi,s6:00000000,,8f307b13,,"andi	x22,x0,-1805","s6,zero,-1805",
80000550,sub,a0:2d437004,,41328533,,"sub	x10,x5,x19","a0,t0,s3",
80000558,xori,t1:ffffffdb,,fdb24313,,"xori	x6,x4,-37","t1,tp,-37",
80000560,srli,s5:7fffffff,,0019da93,,"srli	x21,x19,0x1","s5,s3,0x1",
80000564,addi,gp:fffffff9,,ff900193,,"addi	x3,x0,-7","gp,zero,-7",
80000568,addi,a5:0000000d,,00d00793,,"addi	x15,x0,13","a5,zero,13",
8000056c,ori,a6:0000071a,,71a26813,,"ori	x16,x4,1818","a6,tp,1818",
80000570,or,ra:7fffffff,,00fae0b3,,"or	x1,x21,x15","ra,s5,a5",
80000574,and,a1:222f3000,,01ba75b3,,"and	x11,x20,x27","a1,s4,s11",
8000057c,addi,gp:fffffffe,,00518193,,"addi	x3,x3,5","gp,gp,5",
80000580,and,a0:00000006,,0158f533,,"and	x10,x17,x21","a0,a7,s5",
80000584,addi,a3:fffffffc,,ffc00693,,"addi	x13,x0,-4","a3,zero,-4",
80000588,slt,t1:00000000,,01b3a333,,"slt	x6,x7,x27","t1,t2,s11",
8000058c,sltiu,s6:00000001,,fa193b13,,"sltiu	x22,x18,-95","s6,s2,-95",
80000590,slt,t4:00000000,,01ca2eb3,,"slt	x29,x20,x28","t4,s4,t3",
80000594,addi,a2:fffffff1,,ff100613,,"addi	x12,x0,-15","a2,zero,-15",
80000598,srli,sp:00000000,,010cd113,,"srli	x2,x25,0x10","sp,s9,0x10",
8000059c,ori,t2:ffffff0f,,f0f46393,,"ori	x7,x8,-241","t2,s0,-241",
800005a0,andi,t1:fffff9eb,,9eb9f313,,"andi	x6,x19,-1557","t1,s3,-1557",
800005a4,sll,sp:80000000,,00161133,,"sll	x2,x12,x1","sp,a2,ra",
800005a8,addi,a3:fffffff9,,ffd68693,,"addi	x13,x13,-3","a3,a3,-3",
8000059c,ori,t2:ffffff0f,,f0f46393,,"ori	x7,x8,-241","t2,s0,-241",
800005a0,andi,t1:fffff9eb,,9eb9f313,,"andi	x6,x19,-1557","t1,s3,-1557",
800005a4,sll,sp:80000000,,00161133,,"sll	x2,x12,x1","sp,a2,ra",
800005a8,addi,a3:fffffff6,,ffd68693,,"addi	x13,x13,-3","a3,a3,-3",
8000059c,ori,t2:ffffff0f,,f0f46393,,"ori	x7,x8,-241","t2,s0,-241",
800005a0,andi,t1:fffff9eb,,9eb9f313,,"andi	x6,x19,-1557","t1,s3,-1557",
800005a4,sll,sp:80000000,,00161133,,"sll	x2,x12,x1","sp,a2,ra",
800005a8,addi,a3:fffffff3,,ffd68693,,"addi	x13,x13,-3","a3,a3,-3",
8000059c,ori,t2:ffffff0f,,f0f46393,,"ori	x7,x8,-241","t2,s0,-241",
800005a0,andi,t1:fffff9eb,,9eb9f313,,"andi	x6,x19,-1557","t1,s3,-1557",
800005a4,sll,sp:80000000,,00161133,,"sll	x2,x12,x1","sp,a2,ra",
800005a8,addi,a3:fffffff0,,ffd68693,,"addi	x13,x13,-3","a3,a3,-3",
800005b8,srli,s0:00000000,,002ed413,,"srli	x8,x29,0x2","s0,t4,0x2",
800005bc,xori,s4:0000042e,,42ed4a13,,"xori	x20,x26,1070","s4,s10,1070",
800005c0,ori,t3:fffff9e7,,9e7b6e13,,"ori	x28,x22,-1561","t3,s6,-1561",
80000570,or,ra:7fffffff,,00fae0b3,,"or	x1,x21,x15","ra,s5,a5",
80000574,and,a1:0000040c,,01ba75b3,,"and	x11,x20,x27","a1,s4,s11",
8000057c,addi,gp:00000003,,00518193,,"addi	x3,x3,5","gp,gp,5",
80000580,and,a0:00000006,,0158f533,,"and	x10,x17,x21","a0,a7,s5",
80000584,addi,a3:fffffffc,,ffc00693,,"addi	x13,x0,-4","a3,zero,-4",
80000588,slt,t1:00000000,,01b3a333,,"slt	x6,x7,x27","t1,t2,s11",
8000058c,sltiu,s6:00000001,,fa193b13,,"sltiu	x22,x18,-95","s6,s2,-95",
80000590,slt,t4:00000000,,01ca2eb3,,"slt	x29,x20,x28","t4,s4,t3",
80000594,addi,a2:fffffff1,,ff100613,,"addi	x12,x0,-15","a2,zero,-15",
80000598,srli,sp:00000000,,010cd113,,"srli	x2,x25,0x10","sp,s9,0x10",
8000059c,ori,t2:ffffff0f,,f0f46393,,"ori	x7,x8,-241","t2,s0,-241",
800005a0,andi,t1:fffff9eb,,9eb9f313,,"andi	x6,x19,-1557","t1,s3,-1557",
800005a4,sll,sp:80000000,,00161133,,"sll	x2,x12,x1","sp,a2,ra",
800005a8,addi,a3:fffffff9,,ffd68693,,"addi	x13,x13,-3","a3,a3,-3",
8000059c,ori,t2:ffffff0f,,f0f46393,,"ori	x7,x8,-241","t2,s0,-241",
800005a0,andi,t1:fffff9eb,,9eb9f313,,"andi	x6,x19,-1557","t1,s3,-1557",
800005a4,sll,sp:80000000,,00161133,,"sll	x2,x12,x1","sp,a2,ra",
800005a8,addi,a3:fffffff6,,ffd68693,,"addi	x13,x13,-3","a3,a3,-3",
8000059c,ori,t2:ffffff0f,,f0f46393,,"ori	x7,x8,-241","t2,s0,-241",
800005a0,andi,t1:fffff9eb,,9eb9f313,,"andi	x6,x19,-1557","t1,s3,-1557",
800005a4,sll,sp:80000000,,00161133,,"sll	x2,x12,x1","sp,a2,ra",
800005a8,addi,a3:fffffff3,,ffd68693,,"addi	x13,x13,-3","a3,a3,-3",
8000059c,ori,t2:ffffff0f,,f0f46393,,"ori	x7,x8,-241","t2,s0,-241",
800005a0,andi,t1:fffff9eb,,9eb9f313,,"andi	x6,x19,-1557","t1,s3,-1557",
800005a4,sll,sp:80000000,,00161133,,"sll	x2,x12,x1","sp,a2,ra",
800005a8,addi,a3:fffffff0,,ffd68693,,"addi	x13,x13,-3","a3,a3,-3",
800005b8,srli,s0:00000000,,002ed413,,"srli	x8,x29,0x2","s0,t4,0x2",
800005bc,xori,s4:0000042e,,42ed4a13,,"xori	x20,x26,1070","s4,s10,1070",
800005c0,ori,t3:fffff9e7,,9e7b6e13,,"ori	x28,x22,-1561","t3,s6,-1561",
80000570,or,ra:7fffffff,,00fae0b3,,"or	x1,x21,x15","ra,s5,a5",
80000574,and,a1:0000040c,,01ba75b3,,"and	x11,x20,x27","a1,s4,s11",
8000057c,addi,gp:00000008,,00518193,,"addi	x3,x3,5","gp,gp,5",
80000580,and,a0:00000006,,0158f533,,"and	x10,x17,x21","a0,a7,s5",
80000584,addi,a3:fffffffc,,ffc00693,,"addi	x13,x0,-4","a3,zero,-4",
80000588,slt,t1:00000000,,01b3a333,,"slt	x6,x7,x27","t1,t2,s11",
8000058c,sltiu,s6:00000001,,fa193b13,,"sltiu	x22,x18,-95","s6,s2,-95",
80000590,slt,t4:00000000,,01ca2eb3,,"slt	x29,x20,x28","t4,s4,t3",
80000594,addi,a2:fffffff1,,ff100613,,"addi	x12,x0,-15","a2,zero,-15",
80000598,srli,sp:00000000,,010cd113,,"srli	x2,x25,0x10","sp,s9,0x10",
8000059c,ori,t2:ffffff0f,,f0f46393,,"ori	x7,x8,-241","t2,s0,-241",
800005a0,andi,t1:fffff9eb,,9eb9f313,,"andi	x6,x19,-1557","t1,s3,-1557",
800005a4,sll,sp:80000000,,00161133,,"sll	x2,x12,x1","sp,a2,ra",
800005a8,addi,a3:fffffff9,,ffd68693,,"addi	x13,x13,-3","a3,a3,-3",
8000059c,ori,t2:ffffff0f,,f0f46393,,"ori	x7,x8,-241","t2,s0,-241",
800005a0,andi,t1:fffff9eb,,9eb9f313,,"andi	x6,x19,-1557","t1,s3,-1557",
800005a4,sll,sp:80000000,,00161133,,"sll	x2,x12,x1","sp,a2,ra",
800005a8,addi,a3:fffffff6,,ffd68693,,"addi	x13,x13,-3","a3,a3,-3",
8000059c,ori,t2:ffffff0f,,f0f46393,,"ori	x7,x8,-241","t2,s0,-241",
800005a0,andi,t1:fffff9eb,,9eb9f313,,"andi	x6,x19,-1557","t1,s3,-1557",
800005a4,sll,sp:80000000,,00161133,,"sll	x2,x12,x1","sp,a2,ra",
800005a8,addi,a3:fffffff3,,ffd68693,,"addi	x13,x13,-3","a3,a3,-3",
8000059c,ori,t2:ffffff0f,,f0f46393,,"ori	x7,x8,-241","t2,s0,-241",
800005a0,andi,t1:fffff9eb,,9eb9f313,,"andi	x6,x19,-1557","t1,s3,-1557",
800005a4,sll,sp:80000000,,00161133,,"sll	x2,x12,x1","sp,a2,ra",
800005a8,addi,a3:fffffff0,,ffd68693,,"addi	x13,x13,-3","a3,a3,-3",
800005b8,srli,s0:00000000,,002ed413,,"srli	x8,x29,0x2","s0,t4,0x2",
800005bc,xori,s4:0000042e,,42ed4a13,,"xori	x20,x26,1070","s4,s10,1070",
800005c0,ori,t3:fffff9e7,,9e7b6e13,,"ori	x28,x22,-1561","t3,s6,-1561",
80000570,or,ra:7fffffff,,00fae0b3,,"or	x1,x21,x15","ra,s5,a5",
80000574,and,a1:0000040c,,01ba75b3,,"and	x11,x20,x27","a1,s4,s11",
8000057c,addi,gp:0000000d,,00518193,,"addi	x3,x3,5","gp,gp,5",
80000580,and,a0:00000006,,0158f533,,"and	x10,x17,x21","a0,a7,s5",
80000584,addi,a3:fffffffc,,ffc00693,,"addi	x13,x0,-4","a3,zero,-4",
80000588,slt,t1:00000000,,01b3a333,,"slt	x6,x7,x27","t1,t2,s11",
8000058c,sltiu,s6:00000001,,fa193b13,,"sltiu	x22,x18,-95","s6,s2,-95",
80000590,slt,t4:00000000,,01ca2eb3,,"slt	x29,x20,x28","t4,s4,t3",
80000594,addi,a2:fffffff1,,ff100613,,"addi	x12,x0,-15","a2,zero,-15",
80000598,srli,sp:00000000,,010cd113,,"srli	x2,x25,0x10","sp,s9,0x10",
8000059c,ori,t2:ffffff0f,,f0f46393,,"ori	x7,x8,-241","t2,s0,-241",
800005a0,andi,t1:fffff9eb,,9eb9f313,,"andi	x6,x19,-1557","t1,s3,-1557",
800005a4,sll,sp:80000000,,00161133,,"sll	x2,x12,x1","sp,a2,ra",
800005a8,addi,a3:fffffff9,,ffd68693,,"addi	x13,x13,-3","a3,a3,-3",
8000059c,ori,t2:ffffff0f,,f0f46393,,"ori	x7,x8,-241","t2,s0,-241",
800005a0,andi,t1:fffff9eb,,9eb9f313,,"andi	x6,x19,-1557","t1,s3,-1557",
800005a4,sll,sp:80000000,,00161133,,"sll	x2,x12,x1","sp,a2,ra",
800005a8,addi,a3:fffffff6,,ffd68693,,"addi	x13,x13,-3","a3,a3,-3",
8000059c,ori,t2:ffffff0f,,f0f46393,,"ori	x7,x8,-241","t2,s0,-241",
800005a0,andi,t1:fffff9eb,,9eb9f313,,"andi	x6,x19,-1557","t1,s3,-1557",
800005a4,sll,sp:80000000,,00161133,,"sll	x2,x12,x1","sp,a2,ra",
800005a8,addi,a3:fffffff3,,ffd68693,,"addi	x13,x13,-3","a3,a3,-3",
8000059c,ori,t2:ffffff0f,,f0f46393,,"ori	x7,x8,-241","t2,s0,-241",
800005a0,andi,t1:fffff9eb,,9eb9f313,,"andi	x6,x19,-1557","t1,s3,-1557",
800005a4,sll,sp:80000000,,00161133,,"sll	x2,x12,x1","sp,a2,ra",
800005a8,addi,a3:fffffff0,,ffd68693,,"addi	x13,x13,-3","a3,a3,-3",
800005b8,srli,s0:00000000,,002ed413,,"srli	x8,x29,0x2","s0,t4,0x2",
800005bc,xori,s4:0000042e,,42ed4a13,,"xori	x20,x26,1070","s4,s10,1070",
800005c0,ori,t3:fffff9e7,,9e7b6e13,,"ori	x28,x22,-1561","t3,s6,-1561",
800005c8,xori,s0:7ffdb5f0,,b9494413,,"xori	x8,x18,-1132","s0,s2,-1132",
800005cc,addi,t0:00000004,,00400293,,"addi	x5,x0,4","t0,zero,4",
800005d0,slli,tp:6be00000,,01141213,,"slli	x4,x8,0x11","tp,s0,0x11",
800005d4,slt,gp:00000000,,004aa1b3,,"slt	x3,x21,x4","gp,s5,tp",
800005d8,addi,a0:00000002,,00200513,,"addi	x10,x0,2","a0,zero,2",
800005dc,andi,t6:00000004,,fdc8ff93,,"andi	x31,x17,-36","t6,a7,-36",
800005e0,sltu,s3:00000001,,0152b9b3,,"sltu	x19,x5,x21","s3,t0,s5",
800005e4,or,s1:00000000,,0031e4b3,,"or	x9,x3,x3","s1,gp,gp",
800005e8,sltiu,s10:00000000,,25e23d13,,"sltiu	x26,x4,606","s10,tp,606",
800005ec,slti,s1:00000001,,296da493,,"slti	x9,x27,662","s1,s11,662",
800005f0,add,t2:fffffa46,,00ef83b3,,"add	x7,x31,x14","t2,t6,a4",
800005f4,sltiu,s0:00000001,,84ecb413,,"sltiu	x8,x25,-1970","s0,s9,-1970",
800005f8,slt,t3:00000001,,0033ae33,,"slt	x28,x7,x3","t3,t2,gp",
800005fc,srli,tp:00000000,,0021d213,,"srli	x4,x3,0x2","tp,gp,0x2",
80000600,srl,s6:fffff9eb,,01835b33,,"srl	x22,x6,x24","s6,t1,s8",
80000604,auipc,t3:1cad5604,,9cad5e17,,"auipc	x28,0x9cad5","t3,0x9cad5",
80000608,ori,s7:0000077e,,46e86b93,,"ori	x23,x16,1134","s7,a6,1134",
8000060c,sll,s5:f8000000,,010b9ab3,,"sll	x21,x23,x16","s5,s7,a6",
80000618,xor,tp:00000004,,004fc233,,"xor	x4,x31,x4","tp,t6,tp",
8000061c,sltiu,sp:00000001,,1b77b113,,"sltiu	x2,x15,439","sp,a5,439",
80000620,addi,t0:00000003,,fff28293,,"addi	x5,x5,-1","t0,t0,-1",
80000628,or,a4:00000000,,01dc6733,,"or	x14,x24,x29","a4,s8,t4",
800005ec,slti,s1:00000001,,296da493,,"slti	x9,x27,662","s1,s11,662",
800005f0,add,t2:00000004,,00ef83b3,,"add	x7,x31,x14","t2,t6,a4",
800005f4,sltiu,s0:00000001,,84ecb413,,"sltiu	x8,x25,-1970","s0,s9,-1970",
800005f8,slt,t3:00000000,,0033ae33,,"slt	x28,x7,x3","t3,t2,gp",
800005fc,srli,tp:00000000,,0021d213,,"srli	x4,x3,0x2","tp,gp,0x2",
80000600,srl,s6:fffff9eb,,01835b33,,"srl	x22,x6,x24","s6,t1,s8",
80000604,auipc,t3:1cad5604,,9cad5e17,,"auipc	x28,0x9cad5","t3,0x9cad5",
80000608,ori,s7:0000077e,,46e86b93,,"ori	x23,x16,1134","s7,a6,1134",
8000060c,sll,s5:f8000000,,010b9ab3,,"sll	x21,x23,x16","s5,s7,a6",
80000618,xor,tp:00000004,,004fc233,,"xor	x4,x31,x4","tp,t6,tp",
8000061c,sltiu,sp:00000001,,1b77b113,,"sltiu	x2,x15,439","sp,a5,439",
80000620,addi,t0:00000002,,fff28293,,"addi	x5,x5,-1","t0,t0,-1",
80000628,or,a4:00000000,,01dc6733,,"or	x14,x24,x29","a4,s8,t4",
800005ec,slti,s1:00000001,,296da493,,"slti	x9,x27,662","s1,s11,662",
800005f0,add,t2:00000004,,00ef83b3,,"add	x7,x31,x14","t2,t6,a4",
800005f4,sltiu,s0:00000001,,84ecb413,,"sltiu	x8,x25,-1970","s0,s9,-1970",
800005f8,slt,t3:00000000,,0033ae33,,"slt	x28,x7,x3","t3,t2,gp",
800005fc,srli,tp:00000000,,0021d213,,"srli	x4,x3,0x2","tp,gp,0x2",
80000600,srl,s6:fffff9eb,,01835b33,,"srl	x22,x6,x24","s6,t1,s8",
80000604,auipc,t3:1cad5604,,9cad5e17,,"auipc	x28,0x9cad5","t3,0x9cad5",
80000608,ori,s7:0000077e,,46e86b93,,"ori	x23,x16,1134","s7,a6,1134",
8000060c,sll,s5:f8000000,,010b9ab3,,"sll	x21,x23,x16","s5,s7,a6",
80000618,xor,tp:00000004,,004fc233,,"xor	x4,x31,x4","tp,t6,tp",
8000061c,sltiu,sp:00000001,,1b77b113,,"sltiu	x2,x15,439","sp,a5,439",
80000620,addi,t0:00000001,,fff28293,,"addi	x5,x5,-1","t0,t0,-1",
80000628,or,a4:00000000,,01dc6733,,"or	x14,x24,x29","a4,s8,t4",
80000630,srai,a4:00000000,,41215713,,"srai	x14,x2,0x12","a4,sp,0x12",
80000634,addi,s3:00000003,,00300993,,"addi	x19,x0,3","s3,zero,3",
80000638,srli,t4:00000000,,01085e93,,"srli	x29,x16,0x10","t4,a6,0x10",
8000063c,auipc,t6:ea4ed63c,,6a4edf97,,"auipc	x31,0x6a4ed","t6,0x6a4ed",
80000640,srl,a5:7ffffff8,,009657b3,,"srl	x15,x12,x9","a5,a2,s1",
80000644,or,t3:fffffdcc,,015dee33,,"or	x28,x27,x21","t3,s11,s5",
8000064c,slti,ra:00000000,,28e5a093,,"slti	x1,x11,654","ra,a1,654",
80000650,or,s10:80028ce4,,01e3ed33,,"or	x26,x7,x30","s10,t2,t5",
80000654,srai,s11:00000000,,4084dd93,,"srai	x27,x9,0x8","s11,s1,0x8",
80000658,sltiu,t0:00000001,,c5413293,,"sltiu	x5,x2,-940","t0,sp,-940",
80000660,sll,a5:00000000,,01ac97b3,,"sll	x15,x25,x26","a5,s9,s10",
80000664,addi,s8:fffffffd,,ffd00c13,,"addi	x24,x0,-3","s8,zero,-3",
80000668,addi,s10:0000050b,,50a40d13,,"addi	x26,x8,1290","s10,s0,1290",
80000678,addi,t2:00000515,,51428393,,"addi	x7,x5,1300","t2,t0,1300",
8000067c,and,sp:00000000,,00e37133,,"and	x2,x6,x14","sp,t1,a4",
80000680,addi,t6:0000076a,,76488f93,,"addi	x31,x17,1892","t6,a7,1892",
80000684,addi,s3:ffffffff,,ffc98993,,"addi	x19,x19,-4","s3,s3,-4",
80000688,and,a4:00000002,,00aa7733,,"and	x14,x20,x10","a4,s4,a0",
8000068c,srli,t1:00000000,,00e75313,,"srli	x6,x14,0xe","t1,a4,0xe",
80000690,sltu,a2:00000000,,00493633,,"sltu	x12,x18,x4","a2,s2,tp",
80000694,srli,t4:00000000,,01935e93,,"srli	x29,x6,0x19","t4,t1,0x19",
8000069c,slti,a4:00000001,,28b72713,,"slti	x14,x14,651","a4,a4,651",
80000680,addi,t6:0000076a,,76488f93,,"addi	x31,x17,1892","t6,a7,1892",
80000684,addi,s3:fffffffb,,ffc98993,,"addi	x19,x19,-4","s3,s3,-4",
80000688,and,a4:00000002,,00aa7733,,"and	x14,x20,x10","a4,s4,a0",
8000068c,srli,t1:00000000,,00e75313,,"srli	x6,x14,0xe","t1,a4,0xe",
80000690,sltu,a2:00000000,,00493633,,"sltu	x12,x18,x4","a2,s2,tp",
80000694,srli,t4:00000000,,01935e93,,"srli	x29,x6,0x19","t4,t1,0x19",
8000069c,slti,a4:00000001,,28b72713,,"slti	x14,x14,651","a4,a4,651",
800006a4,srli,a1:00000000,,0020d593,,"srli	x11,x1,0x2","a1,ra,0x2",
800006a8,addi,a3:00000001,,00100693,,"addi	x13,x0,1","a3,zero,1",
800006ac,sltu,tp:00000001,,01143233,,"sltu	x4,x8,x17","tp,s0,a7",
800006b0,sll,t0:00000001,,015212b3,,"sll	x5,x4,x21","t0,tp,s5",
800006b4,addi,t1:00000011,,01100313,,"addi	x6,x0,17","t1,zero,17",
800006bc,auipc,s11:c43476bc,,44347d97,,"auipc	x27,0x44347","s11,0x44347",
800006c0,lui,s4:781e7000,,781e7a37,,"lui	x20,0x781e7","s4,0x781e7",
800006c4,addi,a3:00000002,,00168693,,"addi	x13,x13,1","a3,a3,1",
800006c8,xor,s10:00000003,,00a4cd33,,"xor	x26,x9,x10","s10,s1,a0",
800006d0,lui,tp:54764000,,54764237,,"lui	x4,0x54764","tp,0x54764",
800006d4,addi,a0:00000007,,00700513,,"addi	x10,x0,7","a0,zero,7",
800006d8,lui,t6:74a64000,,74a64fb7,,"lui	x31,0x74a64","t6,0x74a64",
800006e0,addi,s6:fffffffa,,ffa00b13,,"addi	x22,x0,-6","s6,zero,-6",
800006e4,addi,t6:547638a6,,8a620f93,,"addi	x31,x4,-1882","t6,tp,-1882",
800006e8,lui,s8:9f4d8000,,9f4d8c37,,"lui	x24,0x9f4d8","s8,0x9f4d8",
800006ec,slt,t6:00000000,,005d2fb3,,"slt	x31,x26,x5","t6,s10,t0",
800006f0,or,s10:00000000,,00b1ed33,,"or	x26,x3,x11","s10,gp,a1",
800006f4,addi,a0:00000000,,ff950513,,"addi	x10,x10,-7","a0,a0,-7",
800006f8,srli,a5:00000000,,01b7d793,,"srli	x15,x15,0x1b","a5,a5,0x1b",
80000700,addi,s0:00000002,,00200413,,"addi	x8,x0,2","s0,zero,2",
80000704,addi,sp:00000005,,00500113,,"addi	x2,x0,5","sp,zero,5",
80000708,sub,s7:00000006,,41328bb3,,"sub	x23,x5,x19","s7,t0,s3",
8000070c,sltiu,s5:00000001,,8ed3ba93,,"sltiu	x21,x7,-1811","s5,t2,-1811",
80000710,addi,s0:0000000c,,00a40413,,"addi	x8,x8,10","s0,s0,10",
80000718,slti,a2:00000000,,b23b2613,,"slti	x12,x22,-1245","a2,s6,-1245",
800006e4,addi,t6:547638a6,,8a620f93,,"addi	x31,x4,-1882","t6,tp,-1882",
800006e8,lui,s8:9f4d8000,,9f4d8c37,,"lui	x24,0x9f4d8","s8,0x9f4d8",
800006ec,slt,t6:00000001,,005d2fb3,,"slt	x31,x26,x5","t6,s10,t0",
800006f0,or,s10:00000000,,00b1ed33,,"or	x26,x3,x11","s10,gp,a1",
800006f4,addi,a0:fffffff9,,ff950513,,"addi	x10,x10,-7","a0,a0,-7",
800006f8,srli,a5:00000000,,01b7d793,,"srli	x15,x15,0x1b","a5,a5,0x1b",
80000700,addi,s0:00000002,,00200413,,"addi	x8,x0,2","s0,zero,2",
80000704,addi,sp:00000005,,00500113,,"addi	x2,x0,5","sp,zero,5",
80000708,sub,s7:00000006,,41328bb3,,"sub	x23,x5,x19","s7,t0,s3",
8000070c,sltiu,s5:00000001,,8ed3ba93,,"sltiu	x21,x7,-1811","s5,t2,-1811",
80000710,addi,s0:0000000c,,00a40413,,"addi	x8,x8,10","s0,s0,10",
80000718,slti,a2:00000000,,b23b2613,,"slti	x12,x22,-1245","a2,s6,-1245",
80000724,addi,s9:00000003,,00300c93,,"addi	x25,x0,3","s9,zero,3",
80000728,addi,s1:fffff80c,,80c00493,,"addi	x9,x0,-2036","s1,zero,-2036",
80000730,addi,gp:00000000,,00000193,,"addi	x3,x0,0","gp,zero,0",
80000734,slli,s4:ffffff90,,00451a13,,"slli	x20,x10,0x4","s4,a0,0x4",
80000738,lui,s10:7d47f000,,7d47fd37,,"lui	x26,0x7d47f","s10,0x7d47f",
80000740,addi,s9:fffffff9,,ff6c8c93,,"addi	x25,x25,-10","s9,s9,-10",
80000744,slti,s3:00000000,,7dcd2993,,"slti	x19,x26,2012","s3,s10,2012",
80000748,or,ra:fffffffa,,0165e0b3,,"or	x1,x11,x22","ra,a1,s6",
8000074c,addi,s0:fffffff6,,ff600413,,"addi	x8,x0,-10","s0,zero,-10",
80000754,lui,a2:467f7000,,467f7637,,"lui	x12,0x467f7","a2,0x467f7",
80000758,addi,t2:fffffffd,,ffd00393,,"addi	x7,x0,-3","t2,zero,-3",
8000075c,sub,s8:00000000,,40c60c33,,"sub	x24,x12,x12","s8,a2,a2",
80000760,sltiu,s3:00000000,,150a3993,,"sltiu	x19,x20,336","s3,s4,336",
80000764,addi,s0:fffffff7,,00140413,,"addi	x8,x8,1","s0,s0,1",
80000770,srl,s8:0000003f,,0164dc33,,"srl	x24,x9,x22","s8,s1,s6",
80000774,srl,sp:00000000,,0092d133,,"srl	x2,x5,x9","sp,t0,s1",
80000780,addi,s0:fffffffc,,ffc00413,,"addi	x8,x0,-4","s0,zero,-4",
80000784,lui,s8:f4683000,,f4683c37,,"lui	x24,0xf4683","s8,0xf4683",
80000788,sll,s7:c0000000,,01b49bb3,,"sll	x23,x9,x27","s7,s1,s11",
8000078c,xori,s6:fffff801,,7fbb4b13,,"xori	x22,x22,2043","s6,s6,2043",
80000790,addi,sp:fffffffd,,ffd00113,,"addi	x2,x0,-3","sp,zero,-3",
80000798,and,s4:00000000,,019efa33,,"and	x20,x29,x25","s4,t4,s9",
8000079c,lui,s3:5bb79000,,5bb799b7,,"lui	x19,0x5bb79","s3,0x5bb79",
800007a0,addi,s0:00000005,,00940413,,"addi	x8,x8,9","s0,s0,9",
800007b0,addi,a2:fffffffb,,ffb00613,,"addi	x12,x0,-5","a2,zero,-5",
800007b8,addi,s10:00000004,,00400d13,,"addi	x26,x0,4","s10,zero,4",
800007c0,addi,a0:00000726,,72b60513,,"addi	x10,x12,1835","a0,a2,1835",
800007c4,addi,a2:fffffffe,,00360613,,"addi	x12,x12,3","a2,a2,3",
800007c8,addi,t3:fffffff7,,ff700e13,,"addi	x28,x0,-9","t3,zero,-9",
800007cc,sub,s0:fffffff9,,41dc8433,,"sub	x8,x25,x29","s0,s9,t4",
800007d0,addi,t6:00000012,,01200f93,,"addi	x31,x0,18","t6,zero,18",
800007d4,auipc,s4:71c247d4,,f1c24a17,,"auipc	x20,0xf1c24","s4,0xf1c24",
800007d8,addi,t3:fffffff8,,001e0e13,,"addi	x28,x28,1","t3,t3,1",
800007e0,srl,s4:fffffffd,,0183da33,,"srl	x20,x7,x24","s4,t2,s8",
800007e8,sub,tp:54764000,,40020233,,"sub	x4,x4,x0","tp,tp,zero",
800007ec,addi,a0:00000007,,00700513,,"addi	x10,x0,7","a0,zero,7",
800007f0,slt,s9:00000000,,0092acb3,,"slt	x25,x5,x9","s9,t0,s1",
800007f4,addi,ra:0000000a,,00a00093,,"addi	x1,x0,10","ra,zero,10",
800007f8,srl,s10:00000004,,00fd5d33,,"srl	x26,x26,x15","s10,s10,a5",
800007fc,xor,s6:00000000,,019ecb33,,"xor	x22,x29,x25","s6,t4,s9",
80000800,andi,s8:0000020a,,2cb87c13,,"andi	x24,x16,715","s8,a6,715",
80000804,addi,a0:00000008,,00150513,,"addi	x10,x10,1","a0,a0,1",
80000808,addi,s1:ffffffff,,fff00493,,"addi	x9,x0,-1","s1,zero,-1",
8000080c,andi,t1:00000008,,93a57313,,"andi	x6,x10,-1734","t1,a0,-1734",
80000814,addi,sp:0000000a,,00a00113,,"addi	x2,x0,10","sp,zero,10",
8000081c,addi,s1:00000000,,00148493,,"addi	x9,x9,1","s1,s1,1",
80000820,auipc,t4:b379c820,,3379ce97,,"auipc	x29,0x3379c","t4,0x3379c",
8000081c,addi,s1:00000001,,00148493,,"addi	x9,x9,1","s1,s1,1",
80000820,auipc,t4:b379c820,,3379ce97,,"auipc	x29,0x3379c","t4,0x3379c",
8000081c,addi,s1:00000002,,00148493,,"addi	x9,x9,1","s1,s1,1",
80000820,auipc,t4:b379c820,,3379ce97,,"auipc	x29,0x3379c","t4,0x3379c",
8000081c,addi,s1:00000003,,00148493,,"addi	x9,x9,1","s1,s1,1",
80000820,auipc,t4:b379c820,,3379ce97,,"auipc	x29,0x3379c","t4,0x3379c",
8000081c,addi,s1:00000004,,00148493,,"addi	x9,x9,1","s1,s1,1",
80000820,auipc,t4:b379c820,,3379ce97,,"auipc	x29,0x3379c","t4,0x3379c",
8000081c,addi,s1:00000005,,00148493,,"addi	x9,x9,1","s1,s1,1",
80000820,auipc,t4:b379c820,,3379ce97,,"auipc	x29,0x3379c","t4,0x3379c",
8000081c,addi,s1:00000006,,00148493,,"addi	x9,x9,1","s1,s1,1",
80000820,auipc,t4:b379c820,,3379ce97,,"auipc	x29,0x3379c","t4,0x3379c",
8000081c,addi,s1:00000007,,00148493,,"addi	x9,x9,1","s1,s1,1",
80000820,auipc,t4:b379c820,,3379ce97,,"auipc	x29,0x3379c","t4,0x3379c",
8000081c,addi,s1:00000008,,00148493,,"addi	x9,x9,1","s1,s1,1",
80000820,auipc,t4:b379c820,,3379ce97,,"auipc	x29,0x3379c","t4,0x3379c",
8000081c,addi,s1:00000009,,00148493,,"addi	x9,x9,1","s1,s1,1",
80000820,auipc,t4:b379c820,,3379ce97,,"auipc	x29,0x3379c","t4,0x3379c",
8000081c,addi,s1:0000000a,,00148493,,"addi	x9,x9,1","s1,s1,1",
80000820,auipc,t4:b379c820,,3379ce97,,"auipc	x29,0x3379c","t4,0x3379c",
80000800,andi,s8:0000020a,,2cb87c13,,"andi	x24,x16,715","s8,a6,715",
80000804,addi,a0:00000009,,00150513,,"addi	x10,x10,1","a0,a0,1",
80000808,addi,s1:ffffffff,,fff00493,,"addi	x9,x0,-1","s1,zero,-1",
8000080c,andi,t1:00000008,,93a57313,,"andi	x6,x10,-1734","t1,a0,-1734",
80000814,addi,sp:0000000a,,00a00113,,"addi	x2,x0,10","sp,zero,10",
8000081c,addi,s1:00000000,,00148493,,"addi	x9,x9,1","s1,s1,1",
80000820,auipc,t4:b379c820,,3379ce97,,"auipc	x29,0x3379c","t4,0x3379c",
8000081c,addi,s1:00000001,,00148493,,"addi	x9,x9,1","s1,s1,1",
80000820,auipc,t4:b379c820,,3379ce97,,"auipc	x29,0x3379c","t4,0x3379c",
8000081c,addi,s1:00000002,,00148493,,"addi	x9,x9,1","s1,s1,1",
80000820,auipc,t4:b379c820,,3379ce97,,"auipc	x29,0x3379c","t4,0x3379c",
8000081c,addi,s1:00000003,,00148493,,"addi	x9,x9,1","s1,s1,1",
80000820,auipc,t4:b379c820,,3379ce97,,"auipc	x29,0x3379c","t4,0x3379c",
8000081c,addi,s1:00000004,,00148493,,"addi	x9,x9,1","s1,s1,1",
80000820,auipc,t4:b379c820,,3379ce97,,"auipc	x29,0x3379c","t4,0x3379c",
8000081c,addi,s1:00000005,,00148493,,"addi	x9,x9,1","s1,s1,1",
80000820,auipc,t4:b379c820,,3379ce97,,"auipc	x29,0x3379c","t4,0x3379c",
8000081c,addi,s1:00000006,,00148493,,"addi	x9,x9,1","s1,s1,1",
80000820,auipc,t4:b379c820,,3379ce97,,"auipc	x29,0x3379c","t4,0x3379c",
8000081c,addi,s1:00000007,,00148493,,"addi	x9,x9,1","s1,s1,1",
80000820,auipc,t4:b379c820,,3379ce97,,"auipc	x29,0x3379c","t4,0x3379c",
8000081c,addi,s1:00000008,,00148493,,"addi	x9,x9,1","s1,s1,1",
80000820,auipc,t4:b379c820,,3379ce97,,"auipc	x29,0x3379c","t4,0x3379c",
8000081c,addi,s1:00000009,,00148493,,"addi	x9,x9,1","s1,s1,1",
80000820,auipc,t4:b379c820,,3379ce97,,"auipc	x29,0x3379c","t4,0x3379c",
8000081c,addi,s1:0000000a,,00148493,,"addi	x9,x9,1","s1,s1,1",
80000820,auipc,t4:b379c820,,3379ce97,,"auipc	x29,0x3379c","t4,0x3379c",
80000800,andi,s8:0000020a,,2cb87c13,,"andi	x24,x16,715","s8,a6,715",
80000804,addi,a0:0000000a,,00150513,,"addi	x10,x10,1","a0,a0,1",
80000808,addi,s1:ffffffff,,fff00493,,"addi	x9,x0,-1","s1,zero,-1",
8000080c,andi,t1:0000000a,,93a57313,,"andi	x6,x10,-1734","t1,a0,-1734",
80000814,addi,sp:0000000a,,00a00113,,"addi	x2,x0,10","sp,zero,10",
8000081c,addi,s1:00000000,,00148493,,"addi	x9,x9,1","s1,s1,1",
80000820,auipc,t4:b379c820,,3379ce97,,"auipc	x29,0x3379c","t4,0x3379c",
8000081c,addi,s1:00000001,,00148493,,"addi	x9,x9,1","s1,s1,1",
80000820,auipc,t4:b379c820,,3379ce97,,"auipc	x29,0x3379c","t4,0x3379c",
8000081c,addi,s1:00000002,,00148493,,"addi	x9,x9,1","s1,s1,1",
80000820,auipc,t4:b379c820,,3379ce97,,"auipc	x29,0x3379c","t4,0x3379c",
8000081c,addi,s1:00000003,,00148493,,"addi	x9,x9,1","s1,s1,1",
80000820,auipc,t4:b379c820,,3379ce97,,"auipc	x29,0x3379c","t4,0x3379c",
8000081c,addi,s1:00000004,,00148493,,"addi	x9,x9,1","s1,s1,1",
80000820,auipc,t4:b379c820,,3379ce97,,"auipc	x29,0x3379c","t4,0x3379c",
8000081c,addi,s1:00000005,,00148493,,"addi	x9,x9,1","s1,s1,1",
80000820,auipc,t4:b379c820,,3379ce97,,"auipc	x29,0x3379c","t4,0x3379c",
8000081c,addi,s1:00000006,,00148493,,"addi	x9,x9,1","s1,s1,1",
80000820,auipc,t4:b379c820,,3379ce97,,"auipc	x29,0x3379c","t4,0x3379c",
8000081c,addi,s1:00000007,,00148493,,"addi	x9,x9,1","s1,s1,1",
80000820,auipc,t4:b379c820,,3379ce97,,"auipc	x29,0x3379c","t4,0x3379c",
8000081c,addi,s1:00000008,,00148493,,"addi	x9,x9,1","s1,s1,1",
80000820,auipc,t4:b379c820,,3379ce97,,"auipc	x29,0x3379c","t4,0x3379c",
8000081c,addi,s1:00000009,,00148493,,"addi	x9,x9,1","s1,s1,1",
80000820,auipc,t4:b379c820,,3379ce97,,"auipc	x29,0x3379c","t4,0x3379c",
8000081c,addi,s1:0000000a,,00148493,,"addi	x9,x9,1","s1,s1,1",
80000820,auipc,t4:b379c820,,3379ce97,,"auipc	x29,0x3379c","t4,0x3379c",
80000834,xori,s5:7ffdb030,,e5494a93,,"xori	x21,x18,-428","s5,s2,-428",
80000838,addi,t3:fffffff6,,ff600e13,,"addi	x28,x0,-10","t3,zero,-10",
8000083c,sll,s11:00002800,,00231db3,,"sll	x27,x6,x2","s11,t1,sp",
80000840,xor,gp:ab89bffe,,00c241b3,,"xor	x3,x4,x12","gp,tp,a2",
80000844,auipc,t6:0897c844,,8897cf97,,"auipc	x31,0x8897c","t6,0x8897c",
8000084c,srli,a2:055c4dff,,0051d613,,"srli	x12,x3,0x5","a2,gp,0x5",
80000850,addi,tp:ffffff56,,83c80213,,"addi	x4,x16,-1988","tp,a6,-1988",
80000854,addi,a3:fffffff4,,ff400693,,"addi	x13,x0,-12","a3,zero,-12",
80000858,auipc,a1:849d3858,,049d3597,,"auipc	x11,0x49d3","a1,0x49d3",
8000085c,ori,s11:ffffffff,,97d1ed93,,"ori	x27,x3,-1667","s11,gp,-1667",
80000860,slli,s4:00000000,,006b1a13,,"slli	x20,x22,0x6","s4,s6,0x6",
80000864,andi,s1:0897c804,,c3fff493,,"andi	x9,x31,-961","s1,t6,-961",
80000868,slti,ra:00000001,,10cd2093,,"slti	x1,x26,268","ra,s10,268",
8000086c,xori,a1:ffffffdf,,fde2c593,,"xori	x11,x5,-34","a1,t0,-34",
80000870,sra,s10:00000000,,41215d33,,"sra	x26,x2,x18","s10,sp,s2",
80000874,addi,t3:fffffff4,,ffee0e13,,"addi	x28,x28,-2","t3,t3,-2",
8000085c,ori,s11:ffffffff,,97d1ed93,,"ori	x27,x3,-1667","s11,gp,-1667",
80000860,slli,s4:00000000,,006b1a13,,"slli	x20,x22,0x6","s4,s6,0x6",
80000864,andi,s1:0897c804,,c3fff493,,"andi	x9,x31,-961","s1,t6,-961",
80000868,slti,ra:00000001,,10cd2093,,"slti	x1,x26,268","ra,s10,268",
8000086c,xori,a1:ffffffdf,,fde2c593,,"xori	x11,x5,-34","a1,t0,-34",
80000870,sra,s10:00000000,,41215d33,,"sra	x26,x2,x18","s10,sp,s2",
80000874,addi,t3:fffffff2,,ffee0e13,,"addi	x28,x28,-2","t3,t3,-2",
8000087c,sra,s5:00000000,,40aa5ab3,,"sra	x21,x20,x10","s5,s4,a0",
80000880,addi,a1:fffffffe,,ffe00593,,"addi	x11,x0,-2","a1,zero,-2",
80000884,slt,s3:00000001,,01ae29b3,,"slt	x19,x28,x26","s3,t3,s10",
80000888,sra,a3:00000000,,40e056b3,,"sra	x13,x0,x14","a3,zero,a4",
8000088c,or,sp:fffffffe,,00f5e133,,"or	x2,x11,x15","sp,a1,a5",
80000890,srai,s9:0000112f,,40f4dc93,,"srai	x25,x9,0xf","s9,s1,0xf",
80000894,sltiu,s0:00000001,,ff56b413,,"sltiu	x8,x13,-11","s0,a3,-11",
80000898,addi,t6:0000000c,,00c00f93,,"addi	x31,x0,12","t6,zero,12",
8000089c,xor,s5:055c4dff,,01a64ab3,,"xor	x21,x12,x26","s5,a2,s10",
800008a0,addi,a1:00000000,,00258593,,"addi	x11,x11,2","a1,a1,2",
800008a8,add,s10:0004db48,,012f0d33,,"add	x26,x30,x18","s10,t5,s2",
800008ac,srl,s10:00000000,,0027dd33,,"srl	x26,x15,x2","s10,a5,sp",
800008b0,sltiu,a3:00000001,,1152b693,,"sltiu	x13,x5,277","a3,t0,277",
800008b4,sra,s1:ffffffff,,40e154b3,,"sra	x9,x2,x14","s1,sp,a4",
800008b8,addi,tp:00000002,,00200213,,"addi	x4,x0,2","tp,zero,2",
800008bc,and,a5:00000000,,005377b3,,"and	x15,x6,x5","a5,t1,t0",
800008c0,sub,t3:fffffff7,,40a70e33,,"sub	x28,x14,x10","t3,a4,a0",
800008c4,sub,t4:faa3b207,,41588eb3,,"sub	x29,x17,x21","t4,a7,s5",
800008c8,addi,a6:00000014,,01400813,,"addi	x16,x0,20","a6,zero,20",
800008cc,and,s6:00000000,,0172fb33,,"and	x22,x5,x23","s6,t0,s7",
800008d4,addi,tp:00000009,,00720213,,"addi	x4,x4,7","tp,tp,7",
800008d8,slti,a2:00000001,,71a5a613,,"slti	x12,x11,1818","a2,a1,1818",
800008dc,sltiu,a4:00000000,,6c5f3713,,"sltiu	x14,x30,1733","a4,t5,1733",
800008d4,addi,tp:00000010,,00720213,,"addi	x4,x4,7","tp,tp,7",
800008d8,slti,a2:00000001,,71a5a613,,"slti	x12,x11,1818","a2,a1,1818",
800008dc,sltiu,a4:00000000,,6c5f3713,,"sltiu	x14,x30,1733","a4,t5,1733",
800008d4,addi,tp:00000017,,00720213,,"addi	x4,x4,7","tp,tp,7",
800008d8,slti,a2:00000001,,71a5a613,,"slti	x12,x11,1818","a2,a1,1818",
800008dc,sltiu,a4:00000000,,6c5f3713,,"sltiu	x14,x30,1733","a4,t5,1733",
800008e4,xori,a0:00000300,,10ac4513,,"xori	x10,x24,266","a0,s8,266",
800008e8,addi,ra:00000708,,4fec0093,,"addi	x1,x24,1278","ra,s8,1278",
800008ec,sub,t3:fffffd01,,40a68e33,,"sub	x28,x13,x10","t3,a3,a0",
800008f0,or,s11:ffffffff,,01f4edb3,,"or	x27,x9,x31","s11,s1,t6",
800008f4,add,s3:00000017,,004789b3,,"add	x19,x15,x4","s3,a5,tp",
800008f8,addi,s1:000007e2,,7d830493,,"addi	x9,x6,2008","s1,t1,2008",
800008fc,addi,s9:000006f9,,6fc38c93,,"addi	x25,x7,1788","s9,t2,1788",
80000900,auipc,s0:7d590900,,fd590417,,"auipc	x8,0xfd590","s0,0xfd590",
8000090c,addi,a0:fffffffb,,ffb00513,,"addi	x10,x0,-5","a0,zero,-5",
80000910,addi,a5:00000008,,00800793,,"addi	x15,x0,8","a5,zero,8",
80000918,sltiu,s4:00000001,,6db03a13,,"sltiu	x20,x0,1755","s4,zero,1755",
8000091c,addi,a0:fffffffc,,00150513,,"addi	x10,x10,1","a0,a0,1",
80000918,sltiu,s4:00000001,,6db03a13,,"sltiu	x20,x0,1755","s4,zero,1755",
8000091c,addi,a0:fffffffd,,00150513,,"addi	x10,x10,1","a0,a0,1",
80000918,sltiu,s4:00000001,,6db03a13,,"sltiu	x20,x0,1755","s4,zero,1755",
8000091c,addi,a0:fffffffe,,00150513,,"addi	x10,x10,1","a0,a0,1",
80000918,sltiu,s4:00000001,,6db03a13,,"sltiu	x20,x0,1755","s4,zero,1755",
8000091c,addi,a0:ffffffff,,00150513,,"addi	x10,x10,1","a0,a0,1",
80000918,sltiu,s4:00000001,,6db03a13,,"sltiu	x20,x0,1755","s4,zero,1755",
8000091c,addi,a0:00000000,,00150513,,"addi	x10,x10,1","a0,a0,1",
80000918,sltiu,s4:00000001,,6db03a13,,"sltiu	x20,x0,1755","s4,zero,1755",
8000091c,addi,a0:00000001,,00150513,,"addi	x10,x10,1","a0,a0,1",
80000918,sltiu,s4:00000001,,6db03a13,,"sltiu	x20,x0,1755","s4,zero,1755",
8000091c,addi,a0:00000002,,00150513,,"addi	x10,x10,1","a0,a0,1",
80000918,sltiu,s4:00000001,,6db03a13,,"sltiu	x20,x0,1755","s4,zero,1755",
8000091c,addi,a0:00000003,,00150513,,"addi	x10,x10,1","a0,a0,1",
80000918,sltiu,s4:00000001,,6db03a13,,"sltiu	x20,x0,1755","s4,zero,1755",
8000091c,addi,a0:00000004,,00150513,,"addi	x10,x10,1","a0,a0,1",
80000918,sltiu,s4:00000001,,6db03a13,,"sltiu	x20,x0,1755","s4,zero,1755",
8000091c,addi,a0:00000005,,00150513,,"addi	x10,x10,1","a0,a0,1",
80000918,sltiu,s4:00000001,,6db03a13,,"sltiu	x20,x0,1755","s4,zero,1755",
8000091c,addi,a0:00000006,,00150513,,"addi	x10,x10,1","a0,a0,1",
80000918,sltiu,s4:00000001,,6db03a13,,"sltiu	x20,x0,1755","s4,zero,1755",
8000091c,addi,a0:00000007,,00150513,,"addi	x10,x10,1","a0,a0,1",
80000918,sltiu,s4:00000001,,6db03a13,,"sltiu	x20,x0,1755","s4,zero,1755",
8000091c,addi,a0:00000008,,00150513,,"addi	x10,x10,1","a0,a0,1",
80000924,srai,t6:00000000,,41465f93,,"srai	x31,x12,0x14","t6,a2,0x14",
80000928,addi,a5:fffffffb,,ffb00793,,"addi	x15,x0,-5","a5,zero,-5",
8000092c,addi,gp:000009b2,,1d048193,,"addi	x3,x9,464","gp,s1,464",
80000930,srai,a0:00000000,,41dcd513,,"srai	x10,x25,0x1d","a0,s9,0x1d",
80000934,addi,s8:00000002,,00200c13,,"addi	x24,x0,2","s8,zero,2",
80000938,lui,tp:0b528000,,0b528237,,"lui	x4,0xb528","tp,0xb528",
8000093c,ori,sp:ffffffff,,456de113,,"ori	x2,x27,1110","sp,s11,1110",
80000940,xori,a3:ffffff1a,,8120c693,,"xori	x13,x1,-2030","a3,ra,-2030",
80000944,sltu,s9:00000000,,0003bcb3,,"sltu	x25,x7,x0","s9,t2,zero",
80000948,sll,tp:00000000,,018f9233,,"sll	x4,x31,x24","tp,t6,s8",
8000094c,or,t3:c0000708,,001bee33,,"or	x28,x23,x1","t3,s7,ra",
80000950,srl,tp:00000014,,00885233,,"srl	x4,x16,x8","tp,a6,s0",
80000954,auipc,s0:f1897954,,71897417,,"auipc	x8,0x71897","s0,0x71897",
80000958,addi,a5:00000005,,00a78793,,"addi	x15,x15,10","a5,a5,10",
8000095c,and,t1:00000000,,007b7333,,"and	x6,x22,x7","t1,s6,t2",
80000960,addi,s3:00000005,,00500993,,"addi	x19,x0,5","s3,zero,5",
80000964,slli,s1:00000000,,01bb1493,,"slli	x9,x22,0x1b","s1,s6,0x1b",
80000968,xor,a3:ffffffff,,01bb46b3,,"xor	x13,x22,x27","a3,s6,s11",
8000096c,addi,s5:00000004,,00400a93,,"addi	x21,x0,4","s5,zero,4",
80000970,slti,tp:00000001,,1d05a213,,"slti	x4,x11,464","tp,a1,464",
80000978,addi,s3:00000002,,ffd98993,,"addi	x19,x19,-3","s3,s3,-3",
80000980,addi,a3:ffffff06,,f06d0693,,"addi	x13,x26,-250","a3,s10,-250",
80000988,srli,s1:00000000,,01b65493,,"srli	x9,x12,0x1b","s1,a2,0x1b",
8000098c,addi,a2:00000000,,00000613,,"addi	x12,x0,0","a2,zero,0",
80000994,andi,s11:c0000000,,b0bbfd93,,"andi	x27,x23,-1269","s11,s7,-1269",
8000099c,lui,t4:01df2000,,01df2eb7,,"lui	x29,0x1df2","t4,0x1df2",
800009a0,addi,s5:fffffff8,,ff800a93,,"addi	x21,x0,-8","s5,zero,-8",
800009a4,xori,t2:3ffffa17,,a17dc393,,"xori	x7,x27,-1513","t2,s11,-1513",
800009a8,slt,t1:00000001,,010b2333,,"slt	x6,x22,x16","t1,s6,a6",
800009ac,or,s10:00000005,,00fced33,,"or	x26,x25,x15","s10,s9,a5",
800009b0,xor,t1:80024e64,,00994333,,"xor	x6,x18,x9","t1,s2,s1",
800009b4,addi,a2:fffffffb,,ffb60613,,"addi	x12,x12,-5","a2,a2,-5",
800009bc,and,a1:00000000,,009f75b3,,"and	x11,x30,x9","a1,t5,s1",
800009c0,sltiu,tp:00000001,,803f3213,,"sltiu	x4,x30,-2045","tp,t5,-2045",
800009ac,or,s10:00000005,,00fced33,,"or	x26,x25,x15","s10,s9,a5",
800009b0,xor,t1:80024e64,,00994333,,"xor	x6,x18,x9","t1,s2,s1",
800009b4,addi,a2:fffffff6,,ffb60613,,"addi	x12,x12,-5","a2,a2,-5",
800009bc,and,a1:00000000,,009f75b3,,"and	x11,x30,x9","a1,t5,s1",
800009c0,sltiu,tp:00000001,,803f3213,,"sltiu	x4,x30,-2045","tp,t5,-2045",
800009c8,and,a3:00000000,,009776b3,,"and	x13,x14,x9","a3,a4,s1",
800009cc,addi,a4:00000005,,00500713,,"addi	x14,x0,5","a4,zero,5",
800009d0,sltiu,a5:00000001,,1278b793,,"sltiu	x15,x17,295","a5,a7,295",
800009d4,slli,s11:00a00000,,01571d93,,"slli	x27,x14,0x15","s11,a4,0x15",
800009d8,sltiu,t6:00000001,,e0d7bf93,,"sltiu	x31,x15,-499","t6,a5,-499",
800009dc,addi,a0:80028cbc,,fd8f0513,,"addi	x10,x30,-40","a0,t5,-40",
800009e0,or,s3:00000002,,013069b3,,"or	x19,x0,x19","s3,zero,s3",
800009e4,addi,s0:00000005,,00500413,,"addi	x8,x0,5","s0,zero,5",
800009e8,and,s11:00000000,,009b7db3,,"and	x27,x22,x9","s11,s6,s1",
800009ec,sltiu,s6:00000001,,ae3bbb13,,"sltiu	x22,x23,-1309","s6,s7,-1309",
800009f0,slt,sp:00000000,,00d6a133,,"slt	x2,x13,x13","sp,a3,a3",
800009f4,andi,a1:80024a60,,b6137593,,"andi	x11,x6,-1183","a1,t1,-1183",
800009f8,addi,a4:00000003,,ffe70713,,"addi	x14,x14,-2","a4,a4,-2",
80000a00,slt,gp:00000000,,0097a1b3,,"slt	x3,x15,x9","gp,a5,s1",
80000a04,addi,a5:00000003,,00300793,,"addi	x15,x0,3","a5,zero,3",
80000a08,addi,s8:00000011,,01100c13,,"addi	x24,x0,17","s8,zero,17",
80000a0c,lui,a6:4162a000,,4162a837,,"lui	x16,0x4162a","a6,0x4162a",
80000a10,or,s9:c0000708,,017e6cb3,,"or	x25,x28,x23","s9,t3,s7",
80000a14,andi,a6:c0000008,,88fcf813,,"andi	x16,x25,-1905","a6,s9,-1905",
80000a1c,addi,a5:00000005,,00278793,,"addi	x15,x15,2","a5,a5,2",
80000a20,slti,s4:00000000,,ca6faa13,,"slti	x20,x31,-858","s4,t6,-858",
80000a14,andi,a6:c0000008,,88fcf813,,"andi	x16,x25,-1905","a6,s9,-1905",
80000a1c,addi,a5:00000007,,00278793,,"addi	x15,x15,2","a5,a5,2",
80000a20,slti,s4:00000000,,ca6faa13,,"slti	x20,x31,-858","s4,t6,-858",
80000a14,andi,a6:c0000008,,88fcf813,,"andi	x16,x25,-1905","a6,s9,-1905",
80000a1c,addi,a5:00000009,,00278793,,"addi	x15,x15,2","a5,a5,2",
80000a20,slti,s4:00000000,,ca6faa13,,"slti	x20,x31,-858","s4,t6,-858",
80000a14,andi,a6:c0000008,,88fcf813,,"andi	x16,x25,-1905","a6,s9,-1905",
80000a1c,addi,a5:0000000b,,00278793,,"addi	x15,x15,2","a5,a5,2",
80000a20,slti,s4:00000000,,ca6faa13,,"slti	x20,x31,-858","s4,t6,-858",
80000a14,andi,a6:c0000008,,88fcf813,,"andi	x16,x25,-1905","a6,s9,-1905",
80000a1c,addi,a5:0000000d,,00278793,,"addi	x15,x15,2","a5,a5,2",
80000a20,slti,s4:00000000,,ca6faa13,,"slti	x20,x31,-858","s4,t6,-858",
80000a14,andi,a6:c0000008,,88fcf813,,"andi	x16,x25,-1905","a6,s9,-1905",
80000a1c,addi,a5:0000000f,,00278793,,"addi	x15,x15,2","a5,a5,2",
80000a20,slti,s4:00000000,,ca6faa13,,"slti	x20,x31,-858","s4,t6,-858",
80000a14,andi,a6:c0000008,,88fcf813,,"andi	x16,x25,-1905","a6,s9,-1905",
80000a1c,addi,a5:00000011,,00278793,,"addi	x15,x15,2","a5,a5,2",
80000a20,slti,s4:00000000,,ca6faa13,,"slti	x20,x31,-858","s4,t6,-858",
80000a28,andi,tp:00000000,,47017213,,"andi	x4,x2,1136","tp,sp,1136",
80000a2c,addi,t3:fffffffc,,ffc00e13,,"addi	x28,x0,-4","t3,zero,-4",
80000a30,addi,a2:ffffffff,,fff00613,,"addi	x12,x0,-1","a2,zero,-1",
80000a34,xor,s1:fffffffc,,00e644b3,,"xor	x9,x12,x14","s1,a2,a4",
80000a38,addi,t3:fffffffd,,001e0e13,,"addi	x28,x28,1","t3,t3,1",
80000a3c,addi,s0:00000575,,57428413,,"addi	x8,x5,1396","s0,t0,1396",
80000a40,addi,s7:00000003,,00300b93,,"addi	x23,x0,3","s7,zero,3",
80000a44,addi,t1:ffffffef,,fef00313,,"addi	x6,x0,-17","t1,zero,-17",
80000a48,slt,t2:00000001,,00d923b3,,"slt	x7,x18,x13","t2,s2,a3",
80000a4c,addi,s7:fffffff9,,ff6b8b93,,"addi	x23,x23,-10","s7,s7,-10",
80000a48,slt,t2:00000001,,00d923b3,,"slt	x7,x18,x13","t2,s2,a3",
80000a4c,addi,s7:ffffffef,,ff6b8b93,,"addi	x23,x23,-10","s7,s7,-10",
80000a34,xor,s1:fffffffc,,00e644b3,,"xor	x9,x12,x14","s1,a2,a4",
80000a38,addi,t3:fffffffe,,001e0e13,,"addi	x28,x28,1","t3,t3,1",
80000a3c,addi,s0:00000575,,57428413,,"addi	x8,x5,1396","s0,t0,1396",
80000a40,addi,s7:00000003,,00300b93,,"addi	x23,x0,3","s7,zero,3",
80000a44,addi,t1:ffffffef,,fef00313,,"addi	x6,x0,-17","t1,zero,-17",
80000a48,slt,t2:00000001,,00d923b3,,"slt	x7,x18,x13","t2,s2,a3",
80000a4c,addi,s7:fffffff9,,ff6b8b93,,"addi	x23,x23,-10","s7,s7,-10",
80000a48,slt,t2:00000001,,00d923b3,,"slt	x7,x18,x13","t2,s2,a3",
80000a4c,addi,s7:ffffffef,,ff6b8b93,,"addi	x23,x23,-10","s7,s7,-10",
80000a34,xor,s1:fffffffc,,00e644b3,,"xor	x9,x12,x14","s1,a2,a4",
80000a38,addi,t3:ffffffff,,001e0e13,,"addi	x28,x28,1","t3,t3,1",
80000a3c,addi,s0:00000575,,57428413,,"addi	x8,x5,1396","s0,t0,1396",
80000a40,addi,s7:00000003,,00300b93,,"addi	x23,x0,3","s7,zero,3",
80000a44,addi,t1:ffffffef,,fef00313,,"addi	x6,x0,-17","t1,zero,-17",
80000a48,slt,t2:00000001,,00d923b3,,"slt	x7,x18,x13","t2,s2,a3",
80000a4c,addi,s7:fffffff9,,ff6b8b93,,"addi	x23,x23,-10","s7,s7,-10",
80000a48,slt,t2:00000001,,00d923b3,,"slt	x7,x18,x13","t2,s2,a3",
80000a4c,addi,s7:ffffffef,,ff6b8b93,,"addi	x23,x23,-10","s7,s7,-10",
80000a58,add,s3:00000000,,01c289b3,,"add	x19,x5,x28","s3,t0,t3",
80000a5c,addi,t6:fffffff7,,ff700f93,,"addi	x31,x0,-9","t6,zero,-9",
80000a60,addi,t1:fffffffe,,ffe00313,,"addi	x6,x0,-2","t1,zero,-2",
80000a64,slt,ra:00000001,,004620b3,,"slt	x1,x12,x4","ra,a2,tp",
80000a68,addi,t6:fffffff8,,001f8f93,,"addi	x31,x31,1","t6,t6,1",
80000a6c,addi,a5:00000009,,00900793,,"addi	x15,x0,9","a5,zero,9",
80000a70,addi,s10:00000013,,01300d13,,"addi	x26,x0,19","s10,zero,19",
80000a74,lui,tp:875f7000,,875f7237,,"lui	x4,0x875f7","tp,0x875f7",
80000a78,addi,a5:0000000b,,00278793,,"addi	x15,x15,2","a5,a5,2",
80000a64,slt,ra:00000000,,004620b3,,"slt	x1,x12,x4","ra,a2,tp",
80000a68,addi,t6:fffffff9,,001f8f93,,"addi	x31,x31,1","t6,t6,1",
80000a6c,addi,a5:00000009,,00900793,,"addi	x15,x0,9","a5,zero,9",
80000a70,addi,s10:00000013,,01300d13,,"addi	x26,x0,19","s10,zero,19",
80000a74,lui,tp:875f7000,,875f7237,,"lui	x4,0x875f7","tp,0x875f7",
80000a78,addi,a5:0000000b,,00278793,,"addi	x15,x15,2","a5,a5,2",
80000a64,slt,ra:00000000,,004620b3,,"slt	x1,x12,x4","ra,a2,tp",
80000a68,addi,t6:fffffffa,,001f8f93,,"addi	x31,x31,1","t6,t6,1",
80000a6c,addi,a5:00000009,,00900793,,"addi	x15,x0,9","a5,zero,9",
80000a70,addi,s10:00000013,,01300d13,,"addi	x26,x0,19","s10,zero,19",
80000a74,lui,tp:875f7000,,875f7237,,"lui	x4,0x875f7","tp,0x875f7",
80000a78,addi,a5:0000000b,,00278793,,"addi	x15,x15,2","a5,a5,2",
80000a64,slt,ra:00000000,,004620b3,,"slt	x1,x12,x4","ra,a2,tp",
80000a68,addi,t6:fffffffb,,001f8f93,,"addi	x31,x31,1","t6,t6,1",
80000a6c,addi,a5:00000009,,00900793,,"addi	x15,x0,9","a5,zero,9",
80000a70,addi,s10:00000013,,01300d13,,"addi	x26,x0,19","s10,zero,19",
80000a74,lui,tp:875f7000,,875f7237,,"lui	x4,0x875f7","tp,0x875f7",
80000a78,addi,a5:0000000b,,00278793,,"addi	x15,x15,2","a5,a5,2",
80000a64,slt,ra:00000000,,004620b3,,"slt	x1,x12,x4","ra,a2,tp",
80000a68,addi,t6:fffffffc,,001f8f93,,"addi	x31,x31,1","t6,t6,1",
80000a6c,addi,a5:00000009,,00900793,,"addi	x15,x0,9","a5,zero,9",
80000a70,addi,s10:00000013,,01300d13,,"addi	x26,x0,19","s10,zero,19",
80000a74,lui,tp:875f7000,,875f7237,,"lui	x4,0x875f7","tp,0x875f7",
80000a78,addi,a5:0000000b,,00278793,,"addi	x15,x15,2","a5,a5,2",
80000a64,slt,ra:00000000,,004620b3,,"slt	x1,x12,x4","ra,a2,tp",
80000a68,addi,t6:fffffffd,,001f8f93,,"addi	x31,x31,1","t6,t6,1",
80000a6c,addi,a5:00000009,,00900793,,"addi	x15,x0,9","a5,zero,9",
80000a70,addi,s10:00000013,,01300d13,,"addi	x26,x0,19","s10,zero,19",
80000a74,lui,tp:875f7000,,875f7237,,"lui	x4,0x875f7","tp,0x875f7",
80000a78,addi,a5:0000000b,,00278793,,"addi	x15,x15,2","a5,a5,2",
80000a64,slt,ra:00000000,,004620b3,,"slt	x1,x12,x4","ra,a2,tp",
80000a68,addi,t6:fffffffe,,001f8f93,,"addi	x31,x31,1","t6,t6,1",
80000a6c,addi,a5:00000009,,00900793,,"addi	x15,x0,9","a5,zero,9",
80000a70,addi,s10:00000013,,01300d13,,"addi	x26,x0,19","s10,zero,19",
80000a74,lui,tp:875f7000,,875f7237,,"lui	x4,0x875f7","tp,0x875f7",
80000a78,addi,a5:0000000b,,00278793,,"addi	x15,x15,2","a5,a5,2",
80000a84,xori,s0:80028e7a,,29ef4413,,"xori	x8,x30,670","s0,t5,670",
80000a88,addi,s8:fffffff6,,ff600c13,,"addi	x24,x0,-10","s8,zero,-10",
80000a94,addi,a5:000004ce,,4cfe0793,,"addi	x15,x28,1231","a5,t3,1231",
80000a98,add,s5:00000007,,01688ab3,,"add	x21,x17,x22","s5,a7,s6",
80000a9c,add,sp:c0000706,,006c8133,,"add	x2,x25,x6","sp,s9,t1",
80000aa0,slt,s10:00000001,,0079ad33,,"slt	x26,x19,x7","s10,s3,t2",
80000aa4,ori,t3:000007e7,,7e7a6e13,,"ori	x28,x20,2023","t3,s4,2023",
80000aa8,ori,s0:fffffc04,,c0406413,,"ori	x8,x0,-1020","s0,zero,-1020",
80000aac,xor,a3:875f7001,,0042c6b3,,"xor	x13,x5,x4","a3,t0,tp",
80000ab4,srai,s11:00000000,,4153dd93,,"srai	x27,x7,0x15","s11,t2,0x15",
80000ab8,or,t3:ffffffff,,00166e33,,"or	x28,x12,x1","t3,a2,ra",
80000ac0,auipc,sp:66abeac0,,e6abe117,,"auipc	x2,0xe6abe","sp,0xe6abe",
80000ac4,or,t3:875f7001,,00d0ee33,,"or	x28,x1,x13","t3,ra,a3",
80000acc,or,t6:ffffffef,,019befb3,,"or	x31,x23,x25","t6,s7,s9",
80000ad0,ori,t6:ffffff04,,b0446f93,,"ori	x31,x8,-1276","t6,s0,-1276",
80000ad4,addi,a4:00000001,,00100713,,"addi	x14,x0,1","a4,zero,1",
80000ad8,xor,a1:875f7001,,0016c5b3,,"xor	x11,x13,x1","a1,a3,ra",
80000adc,srli,s0:00003fff,,01235413,,"srli	x8,x6,0x12","s0,t1,0x12",
80000ae0,slli,s0:00000000,,01ef1413,,"slli	x8,x30,0x1e","s0,t5,0x1e",
80000ae4,auipc,s5:281b2ae4,,a81b2a97,,"auipc	x21,0xa81b2","s5,0xa81b2",
80000ae8,addi,s8:fffffff7,,001c0c13,,"addi	x24,x24,1","s8,s8,1",
80000aec,xor,t3:c0000008,,0101ce33,,"xor	x28,x3,x16","t3,gp,a6",
80000af0,lui,s1:18e69000,,18e694b7,,"lui	x9,0x18e69","s1,0x18e69",
80000ad8,xor,a1:875f7001,,0016c5b3,,"xor	x11,x13,x1","a1,a3,ra",
80000adc,srli,s0:00003fff,,01235413,,"srli	x8,x6,0x12","s0,t1,0x12",
80000ae0,slli,s0:00000000,,01ef1413,,"slli	x8,x30,0x1e","s0,t5,0x1e",
80000ae4,auipc,s5:281b2ae4,,a81b2a97,,"auipc	x21,0xa81b2","s5,0xa81b2",
80000ae8,addi,s8:fffffff8,,001c0c13,,"addi	x24,x24,1","s8,s8,1",
80000aec,xor,t3:c0000008,,0101ce33,,"xor	x28,x3,x16","t3,gp,a6",
80000af0,lui,s1:18e69000,,18e694b7,,"lui	x9,0x18e69","s1,0x18e69",
80000ad8,xor,a1:875f7001,,0016c5b3,,"xor	x11,x13,x1","a1,a3,ra",
80000adc,srli,s0:00003fff,,01235413,,"srli	x8,x6,0x12","s0,t1,0x12",
80000ae0,slli,s0:00000000,,01ef1413,,"slli	x8,x30,0x1e","s0,t5,0x1e",
80000ae4,auipc,s5:281b2ae4,,a81b2a97,,"auipc	x21,0xa81b2","s5,0xa81b2",
80000ae8,addi,s8:fffffff9,,001c0c13,,"addi	x24,x24,1","s8,s8,1",
80000aec,xor,t3:c0000008,,0101ce33,,"xor	x28,x3,x16","t3,gp,a6",
80000af0,lui,s1:18e69000,,18e694b7,,"lui	x9,0x18e69","s1,0x18e69",
80000ad8,xor,a1:875f7001,,0016c5b3,,"xor	x11,x13,x1","a1,a3,ra",
80000adc,srli,s0:00003fff,,01235413,,"srli	x8,x6,0x12","s0,t1,0x12",
80000ae0,slli,s0:00000000,,01ef1413,,"slli	x8,x30,0x1e","s0,t5,0x1e",
80000ae4,auipc,s5:281b2ae4,,a81b2a97,,"auipc	x21,0xa81b2","s5,0xa81b2",
80000ae8,addi,s8:fffffffa,,001c0c13,,"addi	x24,x24,1","s8,s8,1",
80000aec,xor,t3:c0000008,,0101ce33,,"xor	x28,x3,x16","t3,gp,a6",
80000af0,lui,s1:18e69000,,18e694b7,,"lui	x9,0x18e69","s1,0x18e69",
80000ad8,xor,a1:875f7001,,0016c5b3,,"xor	x11,x13,x1","a1,a3,ra",
80000adc,srli,s0:00003fff,,01235413,,"srli	x8,x6,0x12","s0,t1,0x12",
80000ae0,slli,s0:00000000,,01ef1413,,"slli	x8,x30,0x1e","s0,t5,0x1e",
80000ae4,auipc,s5:281b2ae4,,a81b2a97,,"auipc	x21,0xa81b2","s5,0xa81b2",
80000ae8,addi,s8:fffffffb,,001c0c13,,"addi	x24,x24,1","s8,s8,1",
80000aec,xor,t3:c0000008,,0101ce33,,"xor	x28,x3,x16","t3,gp,a6",
80000af0,lui,s1:18e69000,,18e694b7,,"lui	x9,0x18e69","s1,0x18e69",
80000ad8,xor,a1:875f7001,,0016c5b3,,"xor	x11,x13,x1","a1,a3,ra",
80000adc,srli,s0:00003fff,,01235413,,"srli	x8,x6,0x12","s0,t1,0x12",
80000ae0,slli,s0:00000000,,01ef1413,,"slli	x8,x30,0x1e","s0,t5,0x1e",
80000ae4,auipc,s5:281b2ae4,,a81b2a97,,"auipc	x21,0xa81b2","s5,0xa81b2",
80000ae8,addi,s8:fffffffc,,001c0c13,,"addi	x24,x24,1","s8,s8,1",
80000aec,xor,t3:c0000008,,0101ce33,,"xor	x28,x3,x16","t3,gp,a6",
80000af0,lui,s1:18e69000,,18e694b7,,"lui	x9,0x18e69","s1,0x18e69",
80000ad8,xor,a1:875f7001,,0016c5b3,,"xor	x11,x13,x1","a1,a3,ra",
80000adc,srli,s0:00003fff,,01235413,,"srli	x8,x6,0x12","s0,t1,0x12",
80000ae0,slli,s0:00000000,,01ef1413,,"slli	x8,x30,0x1e","s0,t5,0x1e",
80000ae4,auipc,s5:281b2ae4,,a81b2a97,,"auipc	x21,0xa81b2","s5,0xa81b2",
80000ae8,addi,s8:fffffffd,,001c0c13,,"addi	x24,x24,1","s8,s8,1",
80000aec,xor,t3:c0000008,,0101ce33,,"xor	x28,x3,x16","t3,gp,a6",
80000af0,lui,s1:18e69000,,18e694b7,,"lui	x9,0x18e69","s1,0x18e69",
80000ad8,xor,a1:875f7001,,0016c5b3,,"xor	x11,x13,x1","a1,a3,ra",
80000adc,srli,s0:00003fff,,01235413,,"srli	x8,x6,0x12","s0,t1,0x12",
80000ae0,slli,s0:00000000,,01ef1413,,"slli	x8,x30,0x1e","s0,t5,0x1e",
80000ae4,auipc,s5:281b2ae4,,a81b2a97,,"auipc	x21,0xa81b2","s5,0xa81b2",
80000ae8,addi,s8:fffffffe,,001c0c13,,"addi	x24,x24,1","s8,s8,1",
80000aec,xor,t3:c0000008,,0101ce33,,"xor	x28,x3,x16","t3,gp,a6",
80000af0,lui,s1:18e69000,,18e694b7,,"lui	x9,0x18e69","s1,0x18e69",
80000ad8,xor,a1:875f7001,,0016c5b3,,"xor	x11,x13,x1","a1,a3,ra",
80000adc,srli,s0:00003fff,,01235413,,"srli	x8,x6,0x12","s0,t1,0x12",
80000ae0,slli,s0:00000000,,01ef1413,,"slli	x8,x30,0x1e","s0,t5,0x1e",
80000ae4,auipc,s5:281b2ae4,,a81b2a97,,"auipc	x21,0xa81b2","s5,0xa81b2",
80000ae8,addi,s8:ffffffff,,001c0c13,,"addi	x24,x24,1","s8,s8,1",
80000aec,xor,t3:c0000008,,0101ce33,,"xor	x28,x3,x16","t3,gp,a6",
80000af0,lui,s1:18e69000,,18e694b7,,"lui	x9,0x18e69","s1,0x18e69",
80000ad8,xor,a1:875f7001,,0016c5b3,,"xor	x11,x13,x1","a1,a3,ra",
80000adc,srli,s0:00003fff,,01235413,,"srli	x8,x6,0x12","s0,t1,0x12",
80000ae0,slli,s0:00000000,,01ef1413,,"slli	x8,x30,0x1e","s0,t5,0x1e",
80000ae4,auipc,s5:281b2ae4,,a81b2a97,,"auipc	x21,0xa81b2","s5,0xa81b2",
80000ae8,addi,s8:00000000,,001c0c13,,"addi	x24,x24,1","s8,s8,1",
80000aec,xor,t3:c0000008,,0101ce33,,"xor	x28,x3,x16","t3,gp,a6",
80000af0,lui,s1:18e69000,,18e694b7,,"lui	x9,0x18e69","s1,0x18e69",
80000ad8,xor,a1:875f7001,,0016c5b3,,"xor	x11,x13,x1","a1,a3,ra",
80000adc,srli,s0:00003fff,,01235413,,"srli	x8,x6,0x12","s0,t1,0x12",
80000ae0,slli,s0:00000000,,01ef1413,,"slli	x8,x30,0x1e","s0,t5,0x1e",
80000ae4,auipc,s5:281b2ae4,,a81b2a97,,"auipc	x21,0xa81b2","s5,0xa81b2",
80000ae8,addi,s8:00000001,,001c0c13,,"addi	x24,x24,1","s8,s8,1",
80000aec,xor,t3:c0000008,,0101ce33,,"xor	x28,x3,x16","t3,gp,a6",
80000af0,lui,s1:18e69000,,18e694b7,,"lui	x9,0x18e69","s1,0x18e69",
80000af8,srai,t1:00000000,,4009d313,,"srai	x6,x19,0x0","t1,s3,0x0",
80000afc,addi,ra:00000001,,00100093,,"addi	x1,x0,1","ra,zero,1",
80000b00,sll,s3:80028cbc,,013519b3,,"sll	x19,x10,x19","s3,a0,s3",
80000b08,slti,s10:00000000,,dcd2ad13,,"slti	x26,x5,-563","s10,t0,-563",
80000b0c,srai,s10:ff0ebee0,,4075dd13,,"srai	x26,x11,0x7","s10,a1,0x7",
80000b10,sltu,a6:00000000,,0159b833,,"sltu	x16,x19,x21","a6,s3,s5",
80000b14,sub,s3:ffffff04,,408f89b3,,"sub	x19,x31,x8","s3,t6,s0",
80000b18,addi,s7:ffffffef,,fef00b93,,"addi	x23,x0,-17","s7,zero,-17",
80000b1c,srl,s6:00000001,,0142db33,,"srl	x22,x5,x20","s6,t0,s4",
80000b20,addi,a2:fffffeab,,eab80613,,"addi	x12,x16,-341","a2,a6,-341",
80000b24,slti,a5:00000000,,bdec2793,,"slti	x15,x24,-1058","a5,s8,-1058",
80000b28,sll,s6:00000001,,01d71b33,,"sll	x22,x14,x29","s6,a4,t4",
80000b2c,xori,a0:d7e4d0dd,,a39ac513,,"xori	x10,x21,-1479","a0,s5,-1479",
80000b34,and,a6:00461000,,00b4f833,,"and	x16,x9,x11","a6,s1,a1",
80000b3c,xor,s0:ffffff04,,0149c433,,"xor	x8,x19,x20","s0,s3,s4",
80000b40,auipc,t0:8c5a5b40,,0c5a5297,,"auipc	x5,0xc5a5","t0,0xc5a5",
80000b44,addi,ra:fffffff8,,ff708093,,"addi	x1,x1,-9","ra,ra,-9",
80000b48,srai,s4:fe1d7dc0,,4066da13,,"srai	x20,x13,0x6","s4,a3,0x6",
80000b50,sltiu,s5:00000000,,7995ba93,,"sltiu	x21,x11,1945","s5,a1,1945",
80000b54,srli,s6:00080028,,00cf5b13,,"srli	x22,x30,0xc","s6,t5,0xc",
80000b58,sra,s11:0000cd57,,41715db3,,"sra	x27,x2,x23","s11,sp,s7",
80000b60,slli,sp:00000000,,01d01113,,"slli	x2,x0,0x1d","sp,zero,0x1d",
80000b64,addi,a1:00000001,,00100593,,"addi	x11,x0,1","a1,zero,1",
80000b68,slli,a3:00000400,,00a39693,,"slli	x13,x7,0xa","a3,t2,0xa",
80000b6c,auipc,a0:88c9ab6c,,08c9a517,,"auipc	x10,0x8c9a","a0,0x8c9a",
80000b70,addi,s6:00000011,,01100b13,,"addi	x22,x0,17","s6,zero,17",
80000b74,slt,t2:00000001,,01bba3b3,,"slt	x7,x23,x27","t2,s7,s11",
80000b78,sll,s11:ff0ebee0,,015d1db3,,"sll	x27,x26,x21","s11,s10,s5",
80000b80,addi,a1:0000000b,,00a58593,,"addi	x11,x11,10","a1,a1,10",
80000b84,ori,a3:fffff871,,870c6693,,"ori	x13,x24,-1936","a3,s8,-1936",
80000b88,addi,a5:fffffff8,,ff800793,,"addi	x15,x0,-8","a5,zero,-8",
80000b8c,addi,s10:fffffff7,,ff700d13,,"addi	x26,x0,-9","s10,zero,-9",
80000b90,srai,ra:ffffffff,,4160d093,,"srai	x1,x1,0x16","ra,ra,0x16",
80000b94,sra,s7:8c5a5b40,,4042dbb3,,"sra	x23,x5,x4","s7,t0,tp",
80000b9c,slti,s11:00000001,,4a892d93,,"slti	x27,x18,1192","s11,s2,1192",
80000ba0,addi,a0:88c9a55d,,9f150513,,"addi	x10,x10,-1551","a0,a0,-1551",
80000ba4,addi,a5:fffffff3,,ffb78793,,"addi	x15,x15,-5","a5,a5,-5",
80000b80,addi,a1:00000015,,00a58593,,"addi	x11,x11,10","a1,a1,10",
80000b84,ori,a3:fffff871,,870c6693,,"ori	x13,x24,-1936","a3,s8,-1936",
80000b88,addi,a5:fffffff8,,ff800793,,"addi	x15,x0,-8","a5,zero,-8",
80000b8c,addi,s10:fffffff7,,ff700d13,,"addi	x26,x0,-9","s10,zero,-9",
80000b90,srai,ra:ffffffff,,4160d093,,"srai	x1,x1,0x16","ra,ra,0x16",
80000b94,sra,s7:8c5a5b40,,4042dbb3,,"sra	x23,x5,x4","s7,t0,tp",
80000b9c,slti,s11:00000001,,4a892d93,,"slti	x27,x18,1192","s11,s2,1192",
80000ba0,addi,a0:88c99f4e,,9f150513,,"addi	x10,x10,-1551","a0,a0,-1551",
80000ba4,addi,a5:fffffff3,,ffb78793,,"addi	x15,x15,-5","a5,a5,-5",
80000bb0,xor,a4:ffffffea,,0015c733,,"xor	x14,x11,x1","a4,a1,ra",
80000bb4,addi,a0:fffffffb,,ffb00513,,"addi	x10,x0,-5","a0,zero,-5",
80000bb8,srai,s3:ffffffe1,,414a5993,,"srai	x19,x20,0x14","s3,s4,0x14",
80000bbc,sra,t1:00000000,,41ab5333,,"sra	x6,x22,x26","t1,s6,s10",
80000bc0,slt,ra:00000001,,0017a0b3,,"slt	x1,x15,x1","ra,a5,ra",
80000bc4,addi,s8:fffffffc,,ffc00c13,,"addi	x24,x0,-4","s8,zero,-4",
80000bc8,srai,s10:ffff18b4,,40fbdd13,,"srai	x26,x23,0xf","s10,s7,0xf",
80000bd0,xori,t6:7ffd7419,,8fdf4f93,,"xori	x31,x30,-1795","t6,t5,-1795",
80000bd4,addi,a0:00000000,,00550513,,"addi	x10,x10,5","a0,a0,5",
80000bd8,xor,t6:fffff864,,00d5cfb3,,"xor	x31,x11,x13","t6,a1,a3",
80000bdc,or,sp:fffffcf5,,01e6e133,,"or	x2,x13,x30","sp,a3,t5",
80000be0,slli,sp:00800000,,017d9113,,"slli	x2,x27,0x17","sp,s11,0x17",
80000be4,addi,a2:00000003,,00300613,,"addi	x12,x0,3","a2,zero,3",
80000bec,sra,a5:80024e64,,409957b3,,"sra	x15,x18,x9","a5,s2,s1",
80000bf0,xori,t3:ffffffe4,,fe764e13,,"xori	x28,x12,-25","t3,a2,-25",
80000bf8,addi,s0:0000000f,,00f00413,,"addi	x8,x0,15","s0,zero,15",
80000bfc,sll,a3:00000000,,01da96b3,,"sll	x13,x21,x29","a3,s5,t4",
80000c00,srai,gp:ffffff8c,,4182d193,,"srai	x3,x5,0x18","gp,t0,0x18",
80000c0c,lui,a1:5316c000,,5316c5b7,,"lui	x11,0x5316c","a1,0x5316c",
80000c14,xor,s11:875f7000,,00a24db3,,"xor	x27,x4,x10","s11,tp,a0",
80000c1c,addi,a2:00000006,,00360613,,"addi	x12,x12,3","a2,a2,3",
80000c20,andi,s10:00000200,,2b1bfd13,,"andi	x26,x23,689","s10,s7,689",
80000c24,auipc,a3:b81b2c24,,381b2697,,"auipc	x13,0x381b2","a3,0x381b2",
80000c28,srai,a3:00230800,,40185693,,"srai	x13,x16,0x1","a3,a6,0x1",
80000c0c,lui,a1:5316c000,,5316c5b7,,"lui	x11,0x5316c","a1,0x5316c",
80000c14,xor,s11:875f7000,,00a24db3,,"xor	x27,x4,x10","s11,tp,a0",
80000c1c,addi,a2:00000009,,00360613,,"addi	x12,x12,3","a2,a2,3",
80000c20,andi,s10:00000200,,2b1bfd13,,"andi	x26,x23,689","s10,s7,689",
80000c24,auipc,a3:b81b2c24,,381b2697,,"auipc	x13,0x381b2","a3,0x381b2",
80000c28,srai,a3:00230800,,40185693,,"srai	x13,x16,0x1","a3,a6,0x1",
80000c0c,lui,a1:5316c000,,5316c5b7,,"lui	x11,0x5316c","a1,0x5316c",
80000c14,xor,s11:875f7000,,00a24db3,,"xor	x27,x4,x10","s11,tp,a0",
80000c1c,addi,a2:0000000c,,00360613,,"addi	x12,x12,3","a2,a2,3",
80000c20,andi,s10:00000200,,2b1bfd13,,"andi	x26,x23,689","s10,s7,689",
80000c24,auipc,a3:b81b2c24,,381b2697,,"auipc	x13,0x381b2","a3,0x381b2",
80000c28,srai,a3:00230800,,40185693,,"srai	x13,x16,0x1","a3,a6,0x1",
80000c0c,lui,a1:5316c000,,5316c5b7,,"lui	x11,0x5316c","a1,0x5316c",
80000c14,xor,s11:875f7000,,00a24db3,,"xor	x27,x4,x10","s11,tp,a0",
80000c1c,addi,a2:0000000f,,00360613,,"addi	x12,x12,3","a2,a2,3",
80000c20,andi,s10:00000200,,2b1bfd13,,"andi	x26,x23,689","s10,s7,689",
80000c24,auipc,a3:b81b2c24,,381b2697,,"auipc	x13,0x381b2","a3,0x381b2",
80000c28,srai,a3:00230800,,40185693,,"srai	x13,x16,0x1","a3,a6,0x1",
80000c30,lui,tp:daa70000,,daa70237,,"lui	x4,0xdaa70","tp,0xdaa70",
80000c38,slti,t2:00000000,,db36a393,,"slti	x7,x13,-589","t2,a3,-589",
80000c3c,addi,a5:00000007,,00700793,,"addi	x15,x0,7","a5,zero,7",
80000c40,addi,t6:fffffdb7,,db700f93,,"addi	x31,x0,-585","t6,zero,-585",
80000c44,addi,t4:007ffacb,,acb10e93,,"addi	x29,x2,-1333","t4,sp,-1333",
80000c48,addi,t2:00000013,,01300393,,"addi	x7,x0,19","t2,zero,19",
80000c4c,auipc,a3:56adfc4c,,d6adf697,,"auipc	x13,0xd6adf","a3,0xd6adf",
80000c58,addi,a5:0000000a,,00378793,,"addi	x15,x15,3","a5,a5,3",
80000c4c,auipc,a3:56adfc4c,,d6adf697,,"auipc	x13,0xd6adf","a3,0xd6adf",
80000c58,addi,a5:0000000d,,00378793,,"addi	x15,x15,3","a5,a5,3",
80000c4c,auipc,a3:56adfc4c,,d6adf697,,"auipc	x13,0xd6adf","a3,0xd6adf",
80000c58,addi,a5:00000010,,00378793,,"addi	x15,x15,3","a5,a5,3",
80000c4c,auipc,a3:56adfc4c,,d6adf697,,"auipc	x13,0xd6adf","a3,0xd6adf",
80000c58,addi,a5:00000013,,00378793,,"addi	x15,x15,3","a5,a5,3",
80000c64,slt,t6:00000000,,01e02fb3,,"slt	x31,x0,x30","t6,zero,t5",
80000c68,addi,sp:fffffffc,,ffc00113,,"addi	x2,x0,-4","sp,zero,-4",
80000c6c,srai,s0:00000000,,40355413,,"srai	x8,x10,0x3","s0,a0,0x3",
80000c70,xori,t6:ffb9ed13,,d1384f93,,"xori	x31,x16,-749","t6,a6,-749",
80000c74,addi,a2:00000008,,00800613,,"addi	x12,x0,8","a2,zero,8",
80000c78,auipc,s7:766ebc78,,f66ebb97,,"auipc	x23,0xf66eb","s7,0xf66eb",
80000c7c,sltu,s6:00000000,,0017bb33,,"sltu	x22,x15,x1","s6,a5,ra",
80000c80,srai,t1:00000531,,4145d313,,"srai	x6,x11,0x14","t1,a1,0x14",
80000c84,lui,ra:ca8cf000,,ca8cf0b7,,"lui	x1,0xca8cf","ra,0xca8cf",
80000c88,sltiu,s7:00000001,,bf093b93,,"sltiu	x23,x18,-1040","s7,s2,-1040",
80000c8c,sra,s4:ffca8cf0,,4190da33,,"sra	x20,x1,x25","s4,ra,s9",
80000c90,srl,s10:0000000f,,002e5d33,,"srl	x26,x28,x2","s10,t3,sp",
80000c9c,sltiu,s6:00000001,,f51fbb13,,"sltiu	x22,x31,-175","s6,t6,-175",
80000ca0,add,t6:00461006,,01180fb3,,"add	x31,x16,x17","t6,a6,a7",
80000ca4,addi,sp:00000004,,00810113,,"addi	x2,x2,8","sp,sp,8",
80000cac,add,gp:213aec4c,,001681b3,,"add	x3,x13,x1","gp,a3,ra",
80000cb0,slli,a1:20000000,,01181593,,"slli	x11,x16,0x11","a1,a6,0x11",
80000cb4,ori,a3:fffffffa,,95876693,,"ori	x13,x14,-1704","a3,a4,-1704",
80000cb8,srli,t0:00000000,,0147d293,,"srli	x5,x15,0x14","t0,a5,0x14",
80000c7c,sltu,s6:00000001,,0017bb33,,"sltu	x22,x15,x1","s6,a5,ra",
80000c80,srai,t1:00000200,,4145d313,,"srai	x6,x11,0x14","t1,a1,0x14",
80000c84,lui,ra:ca8cf000,,ca8cf0b7,,"lui	x1,0xca8cf","ra,0xca8cf",
80000c88,sltiu,s7:00000001,,bf093b93,,"sltiu	x23,x18,-1040","s7,s2,-1040",
80000c8c,sra,s4:ffca8cf0,,4190da33,,"sra	x20,x1,x25","s4,ra,s9",
80000c90,srl,s10:0ffffffe,,002e5d33,,"srl	x26,x28,x2","s10,t3,sp",
80000c9c,sltiu,s6:00000001,,f51fbb13,,"sltiu	x22,x31,-175","s6,t6,-175",
80000ca0,add,t6:00461006,,01180fb3,,"add	x31,x16,x17","t6,a6,a7",
80000ca4,addi,sp:0000000c,,00810113,,"addi	x2,x2,8","sp,sp,8",
80000cac,add,gp:ca8ceffa,,001681b3,,"add	x3,x13,x1","gp,a3,ra",
80000cb0,slli,a1:20000000,,01181593,,"slli	x11,x16,0x11","a1,a6,0x11",
80000cb4,ori,a3:fffffffa,,95876693,,"ori	x13,x14,-1704","a3,a4,-1704",
80000cb8,srli,t0:00000000,,0147d293,,"srli	x5,x15,0x14","t0,a5,0x14",
80000cc0,sub,s5:ff80052f,,41d68ab3,,"sub	x21,x13,x29","s5,a3,t4",
80000cc4,addi,s6:00000008,,00800b13,,"addi	x22,x0,8","s6,zero,8",
80000cc8,auipc,t2:a0534cc8,,20534397,,"auipc	x7,0x20534","t2,0x20534",
80000ccc,addi,t1:00000007,,00700313,,"addi	x6,x0,7","t1,zero,7",
80000cd0,slt,a6:00000000,,0129a833,,"slt	x16,x19,x18","a6,s3,s2",
80000cd4,add,sp:ffca8cf0,,00aa0133,,"add	x2,x20,x10","sp,s4,a0",
80000cd8,addi,s6:00000002,,ffab0b13,,"addi	x22,x22,-6","s6,s6,-6",
80000ce4,lui,a6:aea62000,,aea62837,,"lui	x16,0xaea62","a6,0xaea62",
80000ce8,addi,a1:00000003,,00300593,,"addi	x11,x0,3","a1,zero,3",
80000cec,auipc,s6:4e800cec,,ce800b17,,"auipc	x22,0xce800","s6,0xce800",
80000cf0,addi,t0:fffffffd,,ffd00293,,"addi	x5,x0,-3","t0,zero,-3",
80000cf4,sltu,t6:00000001,,015dbfb3,,"sltu	x31,x27,x21","t6,s11,s5",
80000cf8,sltu,t2:00000001,,00d4b3b3,,"sltu	x7,x9,x13","t2,s1,a3",
80000cfc,slti,s8:00000001,,be122c13,,"slti	x24,x4,-1055","s8,tp,-1055",
80000d04,srli,a0:7ffffff2,,001e5513,,"srli	x10,x28,0x1","a0,t3,0x1",
80000d08,auipc,t2:59e95d08,,d9e95397,,"auipc	x7,0xd9e95","t2,0xd9e95",
80000d0c,sltiu,t4:00000001,,a92bbe93,,"sltiu	x29,x23,-1390","t4,s7,-1390",
80000d10,slti,t3:00000001,,33d12e13,,"slti	x28,x2,829","t3,sp,829",
80000d14,slti,s4:00000000,,08e52a13,,"slti	x20,x10,142","s4,a0,142",
80000d18,slti,gp:00000000,,aa5c2193,,"slti	x3,x24,-1371","gp,s8,-1371",
80000d1c,or,t4:00000007,,011feeb3,,"or	x29,x31,x17","t4,t6,a7",
80000d20,lui,s6:32888000,,32888b37,,"lui	x22,0x32888","s6,0x32888",
80000d24,ori,s8:fffffff6,,bf6f6c13,,"ori	x24,x30,-1034","s8,t5,-1034",
80000d28,addi,ra:0000024d,,25028093,,"addi	x1,x5,592","ra,t0,592",
80000d2c,addi,s3:fffffce4,,cdd30993,,"addi	x19,x6,-803","s3,t1,-803",
80000d30,sra,s3:fffff6a9,,40a259b3,,"sra	x19,x4,x10","s3,tp,a0",
80000d34,addi,a1:00000000,,ffd58593,,"addi	x11,x11,-3","a1,a1,-3",
80000d38,sltiu,a5:00000001,,6e01b793,,"sltiu	x15,x3,1760","a5,gp,1760",
80000d3c,add,s10:32888008,,00cb0d33,,"add	x26,x22,x12","s10,s6,a2",
80000d40,slti,s3:00000000,,9b1b2993,,"slti	x19,x22,-1615","s3,s6,-1615",
80000d48,sub,ra:ffca8cef,,417100b3,,"sub	x1,x2,x23","ra,sp,s7",
80000d4c,addi,s9:fffffff6,,ff600c93,,"addi	x25,x0,-10","s9,zero,-10",
80000d54,sll,a2:fffffffa,,00f29633,,"sll	x12,x5,x15","a2,t0,a5",
80000d58,srl,t3:ffca8cef,,0040de33,,"srl	x28,x1,x4","t3,ra,tp",
80000d5c,addi,tp:00000002,,00200213,,"addi	x4,x0,2","tp,zero,2",
80000d60,sra,s11:19444000,,417b5db3,,"sra	x27,x22,x23","s11,s6,s7",
80000d64,slti,t4:00000001,,05ca2e93,,"slti	x29,x20,92","t4,s4,92",
80000d68,sub,sp:5159dffa,,41068133,,"sub	x2,x13,x16","sp,a3,a6",
80000d6c,add,t6:ffca8ce5,,01908fb3,,"add	x31,x1,x25","t6,ra,s9",
80000d70,auipc,a3:ab388d70,,2b388697,,"auipc	x13,0x2b388","a3,0x2b388",
80000d74,or,s4:fffffff6,,01946a33,,"or	x20,x8,x25","s4,s0,s9",
80000d78,ori,t2:80024eff,,09b96393,,"ori	x7,x18,155","t2,s2,155",
80000d7c,sll,t1:00000000,,01d41333,,"sll	x6,x8,x29","t1,s0,t4",
80000d80,sra,s0:ffc00297,,40fad433,,"sra	x8,x21,x15","s0,s5,a5",
80000d88,addi,s9:ffffffff,,009c8c93,,"addi	x25,x25,9","s9,s9,9",
80000d8c,add,s6:fffffffb,,00c78b33,,"add	x22,x15,x12","s6,a5,a2",
80000d90,addi,t3:ffca9272,,58df8e13,,"addi	x28,x31,1421","t3,t6,1421",
80000d94,andi,s11:00000460,,470f7d93,,"andi	x27,x30,1136","s11,t5,1136",
80000d98,sltiu,a6:00000001,,c7823813,,"sltiu	x16,x4,-904","a6,tp,-904",
80000d9c,sltiu,sp:00000000,,8c7c3113,,"sltiu	x2,x24,-1849","sp,s8,-1849",
80000da0,andi,t1:fffff890,,898a7313,,"andi	x6,x20,-1896","t1,s4,-1896",
80000da4,and,s7:00000000,,0169fbb3,,"and	x23,x19,x22","s7,s3,s6",
80000da8,and,s0:00000000,,01117433,,"and	x8,x2,x17","s0,sp,a7",
80000d6c,add,t6:ffca8cee,,01908fb3,,"add	x31,x1,x25","t6,ra,s9",
80000d70,auipc,a3:ab388d70,,2b388697,,"auipc	x13,0x2b388","a3,0x2b388",
80000d74,or,s4:ffffffff,,01946a33,,"or	x20,x8,x25","s4,s0,s9",
80000d78,ori,t2:80024eff,,09b96393,,"ori	x7,x18,155","t2,s2,155",
80000d7c,sll,t1:00000000,,01d41333,,"sll	x6,x8,x29","t1,s0,t4",
80000d80,sra,s0:ffc00297,,40fad433,,"sra	x8,x21,x15","s0,s5,a5",
80000d88,addi,s9:00000008,,009c8c93,,"addi	x25,x25,9","s9,s9,9",
80000d8c,add,s6:fffffffb,,00c78b33,,"add	x22,x15,x12","s6,a5,a2",
80000d90,addi,t3:ffca927b,,58df8e13,,"addi	x28,x31,1421","t3,t6,1421",
80000d94,andi,s11:00000460,,470f7d93,,"andi	x27,x30,1136","s11,t5,1136",
80000d98,sltiu,a6:00000001,,c7823813,,"sltiu	x16,x4,-904","a6,tp,-904",
80000d9c,sltiu,sp:00000000,,8c7c3113,,"sltiu	x2,x24,-1849","sp,s8,-1849",
80000da0,andi,t1:fffff898,,898a7313,,"andi	x6,x20,-1896","t1,s4,-1896",
80000da4,and,s7:00000000,,0169fbb3,,"and	x23,x19,x22","s7,s3,s6",
80000da8,and,s0:00000000,,01117433,,"and	x8,x2,x17","s0,sp,a7",
80000db0,sub,a1:00000000,,40b005b3,,"sub	x11,x0,x11","a1,zero,a1",
80000db4,addi,sp:fffffff6,,ff600113,,"addi	x2,x0,-10","sp,zero,-10",
80000db8,add,s10:ffca927b,,003e0d33,,"add	x26,x28,x3","s10,t3,gp",
80000dbc,add,t3:fffffff7,,018e8e33,,"add	x28,x29,x24","t3,t4,s8",
80000dc0,slt,s10:00000000,,018b2d33,,"slt	x26,x22,x24","s10,s6,s8",
80000dc4,slli,a0:93bfc000,,00e39513,,"slli	x10,x7,0xe","a0,t2,0xe",
80000dc8,slli,s1:00000000,,01301493,,"slli	x9,x0,0x13","s1,zero,0x13",
80000dcc,addi,a6:00000003,,00300813,,"addi	x16,x0,3","a6,zero,3",
80000dd0,auipc,s6:f21cadd0,,721cab17,,"auipc	x22,0x721ca","s6,0x721ca",
80000dd4,slt,ra:00000000,,000ba0b3,,"slt	x1,x23,x0","ra,s7,zero",
80000dd8,addi,sp:fffffff7,,00110113,,"addi	x2,x2,1","sp,sp,1",
80000ddc,slli,s9:06000000,,01981c93,,"slli	x25,x16,0x19","s9,a6,0x19",
80000de0,srli,a0:00000000,,00c1d513,,"srli	x10,x3,0xc","a0,gp,0xc",
80000de4,add,ra:80028ce4,,017f00b3,,"add	x1,x30,x23","ra,t5,s7",
80000dec,addi,s3:00000004,,00400993,,"addi	x19,x0,4","s3,zero,4",
80000df0,sltu,t6:00000000,,00acbfb3,,"sltu	x31,x25,x10","t6,s9,a0",
80000df4,addi,a1:fffffff2,,ff200593,,"addi	x11,x0,-14","a1,zero,-14",
80000df8,ori,s6:fffffbdb,,b4336b13,,"ori	x22,x6,-1213","s6,t1,-1213",
80000e00,andi,s7:00000000,,c8cffb93,,"andi	x23,x31,-884","s7,t6,-884",
80000e04,addi,s3:00000001,,ffd98993,,"addi	x19,x19,-3","s3,s3,-3",
80000df8,ori,s6:fffffbdb,,b4336b13,,"ori	x22,x6,-1213","s6,t1,-1213",
80000e00,andi,s7:00000000,,c8cffb93,,"andi	x23,x31,-884","s7,t6,-884",
80000e04,addi,s3:fffffffe,,ffd98993,,"addi	x19,x19,-3","s3,s3,-3",
80000df8,ori,s6:fffffbdb,,b4336b13,,"ori	x22,x6,-1213","s6,t1,-1213",
80000e00,andi,s7:00000000,,c8cffb93,,"andi	x23,x31,-884","s7,t6,-884",
80000e04,addi,s3:fffffffb,,ffd98993,,"addi	x19,x19,-3","s3,s3,-3",
80000df8,ori,s6:fffffbdb,,b4336b13,,"ori	x22,x6,-1213","s6,t1,-1213",
80000e00,andi,s7:00000000,,c8cffb93,,"andi	x23,x31,-884","s7,t6,-884",
80000e04,addi,s3:fffffff8,,ffd98993,,"addi	x19,x19,-3","s3,s3,-3",
80000df8,ori,s6:fffffbdb,,b4336b13,,"ori	x22,x6,-1213","s6,t1,-1213",
80000e00,andi,s7:00000000,,c8cffb93,,"andi	x23,x31,-884","s7,t6,-884",
80000e04,addi,s3:fffffff5,,ffd98993,,"addi	x19,x19,-3","s3,s3,-3",
80000df8,ori,s6:fffffbdb,,b4336b13,,"ori	x22,x6,-1213","s6,t1,-1213",
80000e00,andi,s7:00000000,,c8cffb93,,"andi	x23,x31,-884","s7,t6,-884",
80000e04,addi,s3:fffffff2,,ffd98993,,"addi	x19,x19,-3","s3,s3,-3",
80000e14,slt,s4:00000000,,001d2a33,,"slt	x20,x26,x1","s4,s10,ra",
80000e18,auipc,a0:d8e97e18,,58e97517,,"auipc	x10,0x58e97","a0,0x58e97",
80000e1c,sll,s5:00000000,,006a1ab3,,"sll	x21,x20,x6","s5,s4,t1",
80000dd4,slt,ra:00000000,,000ba0b3,,"slt	x1,x23,x0","ra,s7,zero",
80000dd8,addi,sp:fffffff8,,00110113,,"addi	x2,x2,1","sp,sp,1",
80000ddc,slli,s9:06000000,,01981c93,,"slli	x25,x16,0x19","s9,a6,0x19",
80000de0,srli,a0:00000000,,00c1d513,,"srli	x10,x3,0xc","a0,gp,0xc",
80000de4,add,ra:80028ce4,,017f00b3,,"add	x1,x30,x23","ra,t5,s7",
80000dec,addi,s3:00000004,,00400993,,"addi	x19,x0,4","s3,zero,4",
80000df0,sltu,t6:00000000,,00acbfb3,,"sltu	x31,x25,x10","t6,s9,a0",
80000df4,addi,a1:fffffff2,,ff200593,,"addi	x11,x0,-14","a1,zero,-14",
80000df8,ori,s6:fffffbdb,,b4336b13,,"ori	x22,x6,-1213","s6,t1,-1213",
80000e00,andi,s7:00000000,,c8cffb93,,"andi	x23,x31,-884","s7,t6,-884",
80000e04,addi,s3:00000001,,ffd98993,,"addi	x19,x19,-3","s3,s3,-3",
80000df8,ori,s6:fffffbdb,,b4336b13,,"ori	x22,x6,-1213","s6,t1,-1213",
80000e00,andi,s7:00000000,,c8cffb93,,"andi	x23,x31,-884","s7,t6,-884",
80000e04,addi,s3:fffffffe,,ffd98993,,"addi	x19,x19,-3","s3,s3,-3",
80000df8,ori,s6:fffffbdb,,b4336b13,,"ori	x22,x6,-1213","s6,t1,-1213",
80000e00,andi,s7:00000000,,c8cffb93,,"andi	x23,x31,-884","s7,t6,-884",
80000e04,addi,s3:fffffffb,,ffd98993,,"addi	x19,x19,-3","s3,s3,-3",
80000df8,ori,s6:fffffbdb,,b4336b13,,"ori	x22,x6,-1213","s6,t1,-1213",
80000e00,andi,s7:00000000,,c8cffb93,,"andi	x23,x31,-884","s7,t6,-884",
80000e04,addi,s3:fffffff8,,ffd98993,,"addi	x19,x19,-3","s3,s3,-3",
80000df8,ori,s6:fffffbdb,,b4336b13,,"ori	x22,x6,-1213","s6,t1,-1213",
80000e00,andi,s7:00000000,,c8cffb93,,"andi	x23,x31,-884","s7,t6,-884",
80000e04,addi,s3:fffffff5,,ffd98993,,"addi	x19,x19,-3","s3,s3,-3",
80000df8,ori,s6:fffffbdb,,b4336b13,,"ori	x22,x6,-1213","s6,t1,-1213",
80000e00,andi,s7:00000000,,c8cffb93,,"andi	x23,x31,-884","s7,t6,-884",
80000e04,addi,s3:fffffff2,,ffd98993,,"addi	x19,x19,-3","s3,s3,-3",
80000e14,slt,s4:00000000,,001d2a33,,"slt	x20,x26,x1","s4,s10,ra",
80000e18,auipc,a0:d8e97e18,,58e97517,,"auipc	x10,0x58e97","a0,0x58e97",
80000e1c,sll,s5:00000000,,006a1ab3,,"sll	x21,x20,x6","s5,s4,t1",
80000dd4,slt,ra:00000000,,000ba0b3,,"slt	x1,x23,x0","ra,s7,zero",
80000dd8,addi,sp:fffffff9,,00110113,,"addi	x2,x2,1","sp,sp,1",
80000ddc,slli,s9:06000000,,01981c93,,"slli	x25,x16,0x19","s9,a6,0x19",
80000de0,srli,a0:00000000,,00c1d513,,"srli	x10,x3,0xc","a0,gp,0xc",
80000de4,add,ra:80028ce4,,017f00b3,,"add	x1,x30,x23","ra,t5,s7",
80000dec,addi,s3:00000004,,00400993,,"addi	x19,x0,4","s3,zero,4",
80000df0,sltu,t6:00000000,,00acbfb3,,"sltu	x31,x25,x10","t6,s9,a0",
80000df4,addi,a1:fffffff2,,ff200593,,"addi	x11,x0,-14","a1,zero,-14",
80000df8,ori,s6:fffffbdb,,b4336b13,,"ori	x22,x6,-1213","s6,t1,-1213",
80000e00,andi,s7:00000000,,c8cffb93,,"andi	x23,x31,-884","s7,t6,-884",
80000e04,addi,s3:00000001,,ffd98993,,"addi	x19,x19,-3","s3,s3,-3",
80000df8,ori,s6:fffffbdb,,b4336b13,,"ori	x22,x6,-1213","s6,t1,-1213",
80000e00,andi,s7:00000000,,c8cffb93,,"andi	x23,x31,-884","s7,t6,-884",
80000e04,addi,s3:fffffffe,,ffd98993,,"addi	x19,x19,-3","s3,s3,-3",
80000df8,ori,s6:fffffbdb,,b4336b13,,"ori	x22,x6,-1213","s6,t1,-1213",
80000e00,andi,s7:00000000,,c8cffb93,,"andi	x23,x31,-884","s7,t6,-884",
80000e04,addi,s3:fffffffb,,ffd98993,,"addi	x19,x19,-3","s3,s3,-3",
80000df8,ori,s6:fffffbdb,,b4336b13,,"ori	x22,x6,-1213","s6,t1,-1213",
80000e00,andi,s7:00000000,,c8cffb93,,"andi	x23,x31,-884","s7,t6,-884",
80000e04,addi,s3:fffffff8,,ffd98993,,"addi	x19,x19,-3","s3,s3,-3",
80000df8,ori,s6:fffffbdb,,b4336b13,,"ori	x22,x6,-1213","s6,t1,-1213",
80000e00,andi,s7:00000000,,c8cffb93,,"andi	x23,x31,-884","s7,t6,-884",
80000e04,addi,s3:fffffff5,,ffd98993,,"addi	x19,x19,-3","s3,s3,-3",
80000df8,ori,s6:fffffbdb,,b4336b13,,"ori	x22,x6,-1213","s6,t1,-1213",
80000e00,andi,s7:00000000,,c8cffb93,,"andi	x23,x31,-884","s7,t6,-884",
80000e04,addi,s3:fffffff2,,ffd98993,,"addi	x19,x19,-3","s3,s3,-3",
80000e14,slt,s4:00000000,,001d2a33,,"slt	x20,x26,x1","s4,s10,ra",
80000e18,auipc,a0:d8e97e18,,58e97517,,"auipc	x10,0x58e97","a0,0x58e97",
80000e1c,sll,s5:00000000,,006a1ab3,,"sll	x21,x20,x6","s5,s4,t1",
80000dd4,slt,ra:00000000,,000ba0b3,,"slt	x1,x23,x0","ra,s7,zero",
80000dd8,addi,sp:fffffffa,,00110113,,"addi	x2,x2,1","sp,sp,1",
80000ddc,slli,s9:06000000,,01981c93,,"slli	x25,x16,0x19","s9,a6,0x19",
80000de0,srli,a0:00000000,,00c1d513,,"srli	x10,x3,0xc","a0,gp,0xc",
80000de4,add,ra:80028ce4,,017f00b3,,"add	x1,x30,x23","ra,t5,s7",
80000dec,addi,s3:00000004,,00400993,,"addi	x19,x0,4","s3,zero,4",
80000df0,sltu,t6:00000000,,00acbfb3,,"sltu	x31,x25,x10","t6,s9,a0",
80000df4,addi,a1:fffffff2,,ff200593,,"addi	x11,x0,-14","a1,zero,-14",
80000df8,ori,s6:fffffbdb,,b4336b13,,"ori	x22,x6,-1213","s6,t1,-1213",
80000e00,andi,s7:00000000,,c8cffb93,,"andi	x23,x31,-884","s7,t6,-884",
80000e04,addi,s3:00000001,,ffd98993,,"addi	x19,x19,-3","s3,s3,-3",
80000df8,ori,s6:fffffbdb,,b4336b13,,"ori	x22,x6,-1213","s6,t1,-1213",
80000e00,andi,s7:00000000,,c8cffb93,,"andi	x23,x31,-884","s7,t6,-884",
80000e04,addi,s3:fffffffe,,ffd98993,,"addi	x19,x19,-3","s3,s3,-3",
80000df8,ori,s6:fffffbdb,,b4336b13,,"ori	x22,x6,-1213","s6,t1,-1213",
80000e00,andi,s7:00000000,,c8cffb93,,"andi	x23,x31,-884","s7,t6,-884",
80000e04,addi,s3:fffffffb,,ffd98993,,"addi	x19,x19,-3","s3,s3,-3",
80000df8,ori,s6:fffffbdb,,b4336b13,,"ori	x22,x6,-1213","s6,t1,-1213",
80000e00,andi,s7:00000000,,c8cffb93,,"andi	x23,x31,-884","s7,t6,-884",
80000e04,addi,s3:fffffff8,,ffd98993,,"addi	x19,x19,-3","s3,s3,-3",
80000df8,ori,s6:fffffbdb,,b4336b13,,"ori	x22,x6,-1213","s6,t1,-1213",
80000e00,andi,s7:00000000,,c8cffb93,,"andi	x23,x31,-884","s7,t6,-884",
80000e04,addi,s3:fffffff5,,ffd98993,,"addi	x19,x19,-3","s3,s3,-3",
80000df8,ori,s6:fffffbdb,,b4336b13,,"ori	x22,x6,-1213","s6,t1,-1213",
80000e00,andi,s7:00000000,,c8cffb93,,"andi	x23,x31,-884","s7,t6,-884",
80000e04,addi,s3:fffffff2,,ffd98993,,"addi	x19,x19,-3","s3,s3,-3",
80000e14,slt,s4:00000000,,001d2a33,,"slt	x20,x26,x1","s4,s10,ra",
80000e18,auipc,a0:d8e97e18,,58e97517,,"auipc	x10,0x58e97","a0,0x58e97",
80000e1c,sll,s5:00000000,,006a1ab3,,"sll	x21,x20,x6","s5,s4,t1",
80000dd4,slt,ra:00000000,,000ba0b3,,"slt	x1,x23,x0","ra,s7,zero",
80000dd8,addi,sp:fffffffb,,00110113,,"addi	x2,x2,1","sp,sp,1",
80000ddc,slli,s9:06000000,,01981c93,,"slli	x25,x16,0x19","s9,a6,0x19",
80000de0,srli,a0:00000000,,00c1d513,,"srli	x10,x3,0xc","a0,gp,0xc",
80000de4,add,ra:80028ce4,,017f00b3,,"add	x1,x30,x23","ra,t5,s7",
80000dec,addi,s3:00000004,,00400993,,"addi	x19,x0,4","s3,zero,4",
80000df0,sltu,t6:00000000,,00acbfb3,,"sltu	x31,x25,x10","t6,s9,a0",
80000df4,addi,a1:fffffff2,,ff200593,,"addi	x11,x0,-14","a1,zero,-14",
80000df8,ori,s6:fffffbdb,,b4336b13,,"ori	x22,x6,-1213","s6,t1,-1213",
80000e00,andi,s7:00000000,,c8cffb93,,"andi	x23,x31,-884","s7,t6,-884",
80000e04,addi,s3:00000001,,ffd98993,,"addi	x19,x19,-3","s3,s3,-3",
80000df8,ori,s6:fffffbdb,,b4336b13,,"ori	x22,x6,-1213","s6,t1,-1213",
80000e00,andi,s7:00000000,,c8cffb93,,"andi	x23,x31,-884","s7,t6,-884",
80000e04,addi,s3:fffffffe,,ffd98993,,"addi	x19,x19,-3","s3,s3,-3",
80000df8,ori,s6:fffffbdb,,b4336b13,,"ori	x22,x6,-1213","s6,t1,-1213",
80000e00,andi,s7:00000000,,c8cffb93,,"andi	x23,x31,-884","s7,t6,-884",
80000e04,addi,s3:fffffffb,,ffd98993,,"addi	x19,x19,-3","s3,s3,-3",
80000df8,ori,s6:fffffbdb,,b4336b13,,"ori	x22,x6,-1213","s6,t1,-1213",
80000e00,andi,s7:00000000,,c8cffb93,,"andi	x23,x31,-884","s7,t6,-884",
80000e04,addi,s3:fffffff8,,ffd98993,,"addi	x19,x19,-3","s3,s3,-3",
80000df8,ori,s6:fffffbdb,,b4336b13,,"ori	x22,x6,-1213","s6,t1,-1213",
80000e00,andi,s7:00000000,,c8cffb93,,"andi	x23,x31,-884","s7,t6,-884",
80000e04,addi,s3:fffffff5,,ffd98993,,"addi	x19,x19,-3","s3,s3,-3",
80000df8,ori,s6:fffffbdb,,b4336b13,,"ori	x22,x6,-1213","s6,t1,-1213",
80000e00,andi,s7:00000000,,c8cffb93,,"andi	x23,x31,-884","s7,t6,-884",
80000e04,addi,s3:fffffff2,,ffd98993,,"addi	x19,x19,-3","s3,s3,-3",
80000e14,slt,s4:00000000,,001d2a33,,"slt	x20,x26,x1","s4,s10,ra",
80000e18,auipc,a0:d8e97e18,,58e97517,,"auipc	x10,0x58e97","a0,0x58e97",
80000e1c,sll,s5:00000000,,006a1ab3,,"sll	x21,x20,x6","s5,s4,t1",
80000dd4,slt,ra:00000000,,000ba0b3,,"slt	x1,x23,x0","ra,s7,zero",
80000dd8,addi,sp:fffffffc,,00110113,,"addi	x2,x2,1","sp,sp,1",
80000ddc,slli,s9:06000000,,01981c93,,"slli	x25,x16,0x19","s9,a6,0x19",
80000de0,srli,a0:00000000,,00c1d513,,"srli	x10,x3,0xc","a0,gp,0xc",
80000de4,add,ra:80028ce4,,017f00b3,,"add	x1,x30,x23","ra,t5,s7",
80000dec,addi,s3:00000004,,00400993,,"addi	x19,x0,4","s3,zero,4",
80000df0,sltu,t6:00000000,,00acbfb3,,"sltu	x31,x25,x10","t6,s9,a0",
80000df4,addi,a1:fffffff2,,ff200593,,"addi	x11,x0,-14","a1,zero,-14",
80000df8,ori,s6:fffffbdb,,b4336b13,,"ori	x22,x6,-1213","s6,t1,-1213",
80000e00,andi,s7:00000000,,c8cffb93,,"andi	x23,x31,-884","s7,t6,-884",
80000e04,addi,s3:00000001,,ffd98993,,"addi	x19,x19,-3","s3,s3,-3",
80000df8,ori,s6:fffffbdb,,b4336b13,,"ori	x22,x6,-1213","s6,t1,-1213",
80000e00,andi,s7:00000000,,c8cffb93,,"andi	x23,x31,-884","s7,t6,-884",
80000e04,addi,s3:fffffffe,,ffd98993,,"addi	x19,x19,-3","s3,s3,-3",
80000df8,ori,s6:fffffbdb,,b4336b13,,"ori	x22,x6,-1213","s6,t1,-1213",
80000e00,andi,s7:00000000,,c8cffb93,,"andi	x23,x31,-884","s7,t6,-884",
80000e04,addi,s3:fffffffb,,ffd98993,,"addi	x19,x19,-3","s3,s3,-3",
80000df8,ori,s6:fffffbdb,,b4336b13,,"ori	x22,x6,-1213","s6,t1,-1213",
80000e00,andi,s7:00000000,,c8cffb93,,"andi	x23,x31,-884","s7,t6,-884",
80000e04,addi,s3:fffffff8,,ffd98993,,"addi	x19,x19,-3","s3,s3,-3",
80000df8,ori,s6:fffffbdb,,b4336b13,,"ori	x22,x6,-1213","s6,t1,-1213",
80000e00,andi,s7:00000000,,c8cffb93,,"andi	x23,x31,-884","s7,t6,-884",
80000e04,addi,s3:fffffff5,,ffd98993,,"addi	x19,x19,-3","s3,s3,-3",
80000df8,ori,s6:fffffbdb,,b4336b13,,"ori	x22,x6,-1213","s6,t1,-1213",
80000e00,andi,s7:00000000,,c8cffb93,,"andi	x23,x31,-884","s7,t6,-884",
80000e04,addi,s3:fffffff2,,ffd98993,,"addi	x19,x19,-3","s3,s3,-3",
80000e14,slt,s4:00000000,,001d2a33,,"slt	x20,x26,x1","s4,s10,ra",
80000e18,auipc,a0:d8e97e18,,58e97517,,"auipc	x10,0x58e97","a0,0x58e97",
80000e1c,sll,s5:00000000,,006a1ab3,,"sll	x21,x20,x6","s5,s4,t1",
80000dd4,slt,ra:00000000,,000ba0b3,,"slt	x1,x23,x0","ra,s7,zero",
80000dd8,addi,sp:fffffffd,,00110113,,"addi	x2,x2,1","sp,sp,1",
80000ddc,slli,s9:06000000,,01981c93,,"slli	x25,x16,0x19","s9,a6,0x19",
80000de0,srli,a0:00000000,,00c1d513,,"srli	x10,x3,0xc","a0,gp,0xc",
80000de4,add,ra:80028ce4,,017f00b3,,"add	x1,x30,x23","ra,t5,s7",
80000dec,addi,s3:00000004,,00400993,,"addi	x19,x0,4","s3,zero,4",
80000df0,sltu,t6:00000000,,00acbfb3,,"sltu	x31,x25,x10","t6,s9,a0",
80000df4,addi,a1:fffffff2,,ff200593,,"addi	x11,x0,-14","a1,zero,-14",
80000df8,ori,s6:fffffbdb,,b4336b13,,"ori	x22,x6,-1213","s6,t1,-1213",
80000e00,andi,s7:00000000,,c8cffb93,,"andi	x23,x31,-884","s7,t6,-884",
80000e04,addi,s3:00000001,,ffd98993,,"addi	x19,x19,-3","s3,s3,-3",
80000df8,ori,s6:fffffbdb,,b4336b13,,"ori	x22,x6,-1213","s6,t1,-1213",
80000e00,andi,s7:00000000,,c8cffb93,,"andi	x23,x31,-884","s7,t6,-884",
80000e04,addi,s3:fffffffe,,ffd98993,,"addi	x19,x19,-3","s3,s3,-3",
80000df8,ori,s6:fffffbdb,,b4336b13,,"ori	x22,x6,-1213","s6,t1,-1213",
80000e00,andi,s7:00000000,,c8cffb93,,"andi	x23,x31,-884","s7,t6,-884",
80000e04,addi,s3:fffffffb,,ffd98993,,"addi	x19,x19,-3","s3,s3,-3",
80000df8,ori,s6:fffffbdb,,b4336b13,,"ori	x22,x6,-1213","s6,t1,-1213",
80000e00,andi,s7:00000000,,c8cffb93,,"andi	x23,x31,-884","s7,t6,-884",
80000e04,addi,s3:fffffff8,,ffd98993,,"addi	x19,x19,-3","s3,s3,-3",
80000df8,ori,s6:fffffbdb,,b4336b13,,"ori	x22,x6,-1213","s6,t1,-1213",
80000e00,andi,s7:00000000,,c8cffb93,,"andi	x23,x31,-884","s7,t6,-884",
80000e04,addi,s3:fffffff5,,ffd98993,,"addi	x19,x19,-3","s3,s3,-3",
80000df8,ori,s6:fffffbdb,,b4336b13,,"ori	x22,x6,-1213","s6,t1,-1213",
80000e00,andi,s7:00000000,,c8cffb93,,"andi	x23,x31,-884","s7,t6,-884",
80000e04,addi,s3:fffffff2,,ffd98993,,"addi	x19,x19,-3","s3,s3,-3",
80000e14,slt,s4:00000000,,001d2a33,,"slt	x20,x26,x1","s4,s10,ra",
80000e18,auipc,a0:d8e97e18,,58e97517,,"auipc	x10,0x58e97","a0,0x58e97",
80000e1c,sll,s5:00000000,,006a1ab3,,"sll	x21,x20,x6","s5,s4,t1",
80000dd4,slt,ra:00000000,,000ba0b3,,"slt	x1,x23,x0","ra,s7,zero",
80000dd8,addi,sp:fffffffe,,00110113,,"addi	x2,x2,1","sp,sp,1",
80000ddc,slli,s9:06000000,,01981c93,,"slli	x25,x16,0x19","s9,a6,0x19",
80000de0,srli,a0:00000000,,00c1d513,,"srli	x10,x3,0xc","a0,gp,0xc",
80000de4,add,ra:80028ce4,,017f00b3,,"add	x1,x30,x23","ra,t5,s7",
80000dec,addi,s3:00000004,,00400993,,"addi	x19,x0,4","s3,zero,4",
80000df0,sltu,t6:00000000,,00acbfb3,,"sltu	x31,x25,x10","t6,s9,a0",
80000df4,addi,a1:fffffff2,,ff200593,,"addi	x11,x0,-14","a1,zero,-14",
80000df8,ori,s6:fffffbdb,,b4336b13,,"ori	x22,x6,-1213","s6,t1,-1213",
80000e00,andi,s7:00000000,,c8cffb93,,"andi	x23,x31,-884","s7,t6,-884",
80000e04,addi,s3:00000001,,ffd98993,,"addi	x19,x19,-3","s3,s3,-3",
80000df8,ori,s6:fffffbdb,,b4336b13,,"ori	x22,x6,-1213","s6,t1,-1213",
80000e00,andi,s7:00000000,,c8cffb93,,"andi	x23,x31,-884","s7,t6,-884",
80000e04,addi,s3:fffffffe,,ffd98993,,"addi	x19,x19,-3","s3,s3,-3",
80000df8,ori,s6:fffffbdb,,b4336b13,,"ori	x22,x6,-1213","s6,t1,-1213",
80000e00,andi,s7:00000000,,c8cffb93,,"andi	x23,x31,-884","s7,t6,-884",
80000e04,addi,s3:fffffffb,,ffd98993,,"addi	x19,x19,-3","s3,s3,-3",
80000df8,ori,s6:fffffbdb,,b4336b13,,"ori	x22,x6,-1213","s6,t1,-1213",
80000e00,andi,s7:00000000,,c8cffb93,,"andi	x23,x31,-884","s7,t6,-884",
80000e04,addi,s3:fffffff8,,ffd98993,,"addi	x19,x19,-3","s3,s3,-3",
80000df8,ori,s6:fffffbdb,,b4336b13,,"ori	x22,x6,-1213","s6,t1,-1213",
80000e00,andi,s7:00000000,,c8cffb93,,"andi	x23,x31,-884","s7,t6,-884",
80000e04,addi,s3:fffffff5,,ffd98993,,"addi	x19,x19,-3","s3,s3,-3",
80000df8,ori,s6:fffffbdb,,b4336b13,,"ori	x22,x6,-1213","s6,t1,-1213",
80000e00,andi,s7:00000000,,c8cffb93,,"andi	x23,x31,-884","s7,t6,-884",
80000e04,addi,s3:fffffff2,,ffd98993,,"addi	x19,x19,-3","s3,s3,-3",
80000e14,slt,s4:00000000,,001d2a33,,"slt	x20,x26,x1","s4,s10,ra",
80000e18,auipc,a0:d8e97e18,,58e97517,,"auipc	x10,0x58e97","a0,0x58e97",
80000e1c,sll,s5:00000000,,006a1ab3,,"sll	x21,x20,x6","s5,s4,t1",
80000dd4,slt,ra:00000000,,000ba0b3,,"slt	x1,x23,x0","ra,s7,zero",
80000dd8,addi,sp:ffffffff,,00110113,,"addi	x2,x2,1","sp,sp,1",
80000ddc,slli,s9:06000000,,01981c93,,"slli	x25,x16,0x19","s9,a6,0x19",
80000de0,srli,a0:00000000,,00c1d513,,"srli	x10,x3,0xc","a0,gp,0xc",
80000de4,add,ra:80028ce4,,017f00b3,,"add	x1,x30,x23","ra,t5,s7",
80000dec,addi,s3:00000004,,00400993,,"addi	x19,x0,4","s3,zero,4",
80000df0,sltu,t6:00000000,,00acbfb3,,"sltu	x31,x25,x10","t6,s9,a0",
80000df4,addi,a1:fffffff2,,ff200593,,"addi	x11,x0,-14","a1,zero,-14",
80000df8,ori,s6:fffffbdb,,b4336b13,,"ori	x22,x6,-1213","s6,t1,-1213",
80000e00,andi,s7:00000000,,c8cffb93,,"andi	x23,x31,-884","s7,t6,-884",
80000e04,addi,s3:00000001,,ffd98993,,"addi	x19,x19,-3","s3,s3,-3",
80000df8,ori,s6:fffffbdb,,b4336b13,,"ori	x22,x6,-1213","s6,t1,-1213",
80000e00,andi,s7:00000000,,c8cffb93,,"andi	x23,x31,-884","s7,t6,-884",
80000e04,addi,s3:fffffffe,,ffd98993,,"addi	x19,x19,-3","s3,s3,-3",
80000df8,ori,s6:fffffbdb,,b4336b13,,"ori	x22,x6,-1213","s6,t1,-1213",
80000e00,andi,s7:00000000,,c8cffb93,,"andi	x23,x31,-884","s7,t6,-884",
80000e04,addi,s3:fffffffb,,ffd98993,,"addi	x19,x19,-3","s3,s3,-3",
80000df8,ori,s6:fffffbdb,,b4336b13,,"ori	x22,x6,-1213","s6,t1,-1213",
80000e00,andi,s7:00000000,,c8cffb93,,"andi	x23,x31,-884","s7,t6,-884",
80000e04,addi,s3:fffffff8,,ffd98993,,"addi	x19,x19,-3","s3,s3,-3",
80000df8,ori,s6:fffffbdb,,b4336b13,,"ori	x22,x6,-1213","s6,t1,-1213",
80000e00,andi,s7:00000000,,c8cffb93,,"andi	x23,x31,-884","s7,t6,-884",
80000e04,addi,s3:fffffff5,,ffd98993,,"addi	x19,x19,-3","s3,s3,-3",
80000df8,ori,s6:fffffbdb,,b4336b13,,"ori	x22,x6,-1213","s6,t1,-1213",
80000e00,andi,s7:00000000,,c8cffb93,,"andi	x23,x31,-884","s7,t6,-884",
80000e04,addi,s3:fffffff2,,ffd98993,,"addi	x19,x19,-3","s3,s3,-3",
80000e14,slt,s4:00000000,,001d2a33,,"slt	x20,x26,x1","s4,s10,ra",
80000e18,auipc,a0:d8e97e18,,58e97517,,"auipc	x10,0x58e97","a0,0x58e97",
80000e1c,sll,s5:00000000,,006a1ab3,,"sll	x21,x20,x6","s5,s4,t1",
80000dd4,slt,ra:00000000,,000ba0b3,,"slt	x1,x23,x0","ra,s7,zero",
80000dd8,addi,sp:00000000,,00110113,,"addi	x2,x2,1","sp,sp,1",
80000ddc,slli,s9:06000000,,01981c93,,"slli	x25,x16,0x19","s9,a6,0x19",
80000de0,srli,a0:00000000,,00c1d513,,"srli	x10,x3,0xc","a0,gp,0xc",
80000de4,add,ra:80028ce4,,017f00b3,,"add	x1,x30,x23","ra,t5,s7",
80000dec,addi,s3:00000004,,00400993,,"addi	x19,x0,4","s3,zero,4",
80000df0,sltu,t6:00000000,,00acbfb3,,"sltu	x31,x25,x10","t6,s9,a0",
80000df4,addi,a1:fffffff2,,ff200593,,"addi	x11,x0,-14","a1,zero,-14",
80000df8,ori,s6:fffffbdb,,b4336b13,,"ori	x22,x6,-1213","s6,t1,-1213",
80000e00,andi,s7:00000000,,c8cffb93,,"andi	x23,x31,-884","s7,t6,-884",
80000e04,addi,s3:00000001,,ffd98993,,"addi	x19,x19,-3","s3,s3,-3",
80000df8,ori,s6:fffffbdb,,b4336b13,,"ori	x22,x6,-1213","s6,t1,-1213",
80000e00,andi,s7:00000000,,c8cffb93,,"andi	x23,x31,-884","s7,t6,-884",
80000e04,addi,s3:fffffffe,,ffd98993,,"addi	x19,x19,-3","s3,s3,-3",
80000df8,ori,s6:fffffbdb,,b4336b13,,"ori	x22,x6,-1213","s6,t1,-1213",
80000e00,andi,s7:00000000,,c8cffb93,,"andi	x23,x31,-884","s7,t6,-884",
80000e04,addi,s3:fffffffb,,ffd98993,,"addi	x19,x19,-3","s3,s3,-3",
80000df8,ori,s6:fffffbdb,,b4336b13,,"ori	x22,x6,-1213","s6,t1,-1213",
80000e00,andi,s7:00000000,,c8cffb93,,"andi	x23,x31,-884","s7,t6,-884",
80000e04,addi,s3:fffffff8,,ffd98993,,"addi	x19,x19,-3","s3,s3,-3",
80000df8,ori,s6:fffffbdb,,b4336b13,,"ori	x22,x6,-1213","s6,t1,-1213",
80000e00,andi,s7:00000000,,c8cffb93,,"andi	x23,x31,-884","s7,t6,-884",
80000e04,addi,s3:fffffff5,,ffd98993,,"addi	x19,x19,-3","s3,s3,-3",
80000df8,ori,s6:fffffbdb,,b4336b13,,"ori	x22,x6,-1213","s6,t1,-1213",
80000e00,andi,s7:00000000,,c8cffb93,,"andi	x23,x31,-884","s7,t6,-884",
80000e04,addi,s3:fffffff2,,ffd98993,,"addi	x19,x19,-3","s3,s3,-3",
80000e14,slt,s4:00000000,,001d2a33,,"slt	x20,x26,x1","s4,s10,ra",
80000e18,auipc,a0:d8e97e18,,58e97517,,"auipc	x10,0x58e97","a0,0x58e97",
80000e1c,sll,s5:00000000,,006a1ab3,,"sll	x21,x20,x6","s5,s4,t1",
80000dd4,slt,ra:00000000,,000ba0b3,,"slt	x1,x23,x0","ra,s7,zero",
80000dd8,addi,sp:00000001,,00110113,,"addi	x2,x2,1","sp,sp,1",
80000ddc,slli,s9:06000000,,01981c93,,"slli	x25,x16,0x19","s9,a6,0x19",
80000de0,srli,a0:00000000,,00c1d513,,"srli	x10,x3,0xc","a0,gp,0xc",
80000de4,add,ra:80028ce4,,017f00b3,,"add	x1,x30,x23","ra,t5,s7",
80000dec,addi,s3:00000004,,00400993,,"addi	x19,x0,4","s3,zero,4",
80000df0,sltu,t6:00000000,,00acbfb3,,"sltu	x31,x25,x10","t6,s9,a0",
80000df4,addi,a1:fffffff2,,ff200593,,"addi	x11,x0,-14","a1,zero,-14",
80000df8,ori,s6:fffffbdb,,b4336b13,,"ori	x22,x6,-1213","s6,t1,-1213",
80000e00,andi,s7:00000000,,c8cffb93,,"andi	x23,x31,-884","s7,t6,-884",
80000e04,addi,s3:00000001,,ffd98993,,"addi	x19,x19,-3","s3,s3,-3",
80000df8,ori,s6:fffffbdb,,b4336b13,,"ori	x22,x6,-1213","s6,t1,-1213",
80000e00,andi,s7:00000000,,c8cffb93,,"andi	x23,x31,-884","s7,t6,-884",
80000e04,addi,s3:fffffffe,,ffd98993,,"addi	x19,x19,-3","s3,s3,-3",
80000df8,ori,s6:fffffbdb,,b4336b13,,"ori	x22,x6,-1213","s6,t1,-1213",
80000e00,andi,s7:00000000,,c8cffb93,,"andi	x23,x31,-884","s7,t6,-884",
80000e04,addi,s3:fffffffb,,ffd98993,,"addi	x19,x19,-3","s3,s3,-3",
80000df8,ori,s6:fffffbdb,,b4336b13,,"ori	x22,x6,-1213","s6,t1,-1213",
80000e00,andi,s7:00000000,,c8cffb93,,"andi	x23,x31,-884","s7,t6,-884",
80000e04,addi,s3:fffffff8,,ffd98993,,"addi	x19,x19,-3","s3,s3,-3",
80000df8,ori,s6:fffffbdb,,b4336b13,,"ori	x22,x6,-1213","s6,t1,-1213",
80000e00,andi,s7:00000000,,c8cffb93,,"andi	x23,x31,-884","s7,t6,-884",
80000e04,addi,s3:fffffff5,,ffd98993,,"addi	x19,x19,-3","s3,s3,-3",
80000df8,ori,s6:fffffbdb,,b4336b13,,"ori	x22,x6,-1213","s6,t1,-1213",
80000e00,andi,s7:00000000,,c8cffb93,,"andi	x23,x31,-884","s7,t6,-884",
80000e04,addi,s3:fffffff2,,ffd98993,,"addi	x19,x19,-3","s3,s3,-3",
80000e14,slt,s4:00000000,,001d2a33,,"slt	x20,x26,x1","s4,s10,ra",
80000e18,auipc,a0:d8e97e18,,58e97517,,"auipc	x10,0x58e97","a0,0x58e97",
80000e1c,sll,s5:00000000,,006a1ab3,,"sll	x21,x20,x6","s5,s4,t1",
80000dd4,slt,ra:00000000,,000ba0b3,,"slt	x1,x23,x0","ra,s7,zero",
80000dd8,addi,sp:00000002,,00110113,,"addi	x2,x2,1","sp,sp,1",
80000ddc,slli,s9:06000000,,01981c93,,"slli	x25,x16,0x19","s9,a6,0x19",
80000de0,srli,a0:00000000,,00c1d513,,"srli	x10,x3,0xc","a0,gp,0xc",
80000de4,add,ra:80028ce4,,017f00b3,,"add	x1,x30,x23","ra,t5,s7",
80000dec,addi,s3:00000004,,00400993,,"addi	x19,x0,4","s3,zero,4",
80000df0,sltu,t6:00000000,,00acbfb3,,"sltu	x31,x25,x10","t6,s9,a0",
80000df4,addi,a1:fffffff2,,ff200593,,"addi	x11,x0,-14","a1,zero,-14",
80000df8,ori,s6:fffffbdb,,b4336b13,,"ori	x22,x6,-1213","s6,t1,-1213",
80000e00,andi,s7:00000000,,c8cffb93,,"andi	x23,x31,-884","s7,t6,-884",
80000e04,addi,s3:00000001,,ffd98993,,"addi	x19,x19,-3","s3,s3,-3",
80000df8,ori,s6:fffffbdb,,b4336b13,,"ori	x22,x6,-1213","s6,t1,-1213",
80000e00,andi,s7:00000000,,c8cffb93,,"andi	x23,x31,-884","s7,t6,-884",
80000e04,addi,s3:fffffffe,,ffd98993,,"addi	x19,x19,-3","s3,s3,-3",
80000df8,ori,s6:fffffbdb,,b4336b13,,"ori	x22,x6,-1213","s6,t1,-1213",
80000e00,andi,s7:00000000,,c8cffb93,,"andi	x23,x31,-884","s7,t6,-884",
80000e04,addi,s3:fffffffb,,ffd98993,,"addi	x19,x19,-3","s3,s3,-3",
80000df8,ori,s6:fffffbdb,,b4336b13,,"ori	x22,x6,-1213","s6,t1,-1213",
80000e00,andi,s7:00000000,,c8cffb93,,"andi	x23,x31,-884","s7,t6,-884",
80000e04,addi,s3:fffffff8,,ffd98993,,"addi	x19,x19,-3","s3,s3,-3",
